1 hidden layer
Selu+MSELoss
train_loss=0.15468279009689032
train_acc=0.9446666666666665
test_loss=0.14774832311112276
test_acc=0.944
train_axis=[0.25, 0.5, 0.75, 1.0, 1.25, 1.5, 1.75, 2.0, 2.25, 2.5, 2.75, 3.0, 3.25, 3.5, 3.75, 4.0, 4.25, 4.5, 4.75, 5.0, 5.25, 5.5, 5.75, 6.0, 6.25, 6.5, 6.75, 7.0, 7.25, 7.5, 7.75, 8.0, 8.25, 8.5, 8.75, 9.0, 9.25, 9.5, 9.75, 10.0, 10.25, 10.5, 10.75, 11.0, 11.25, 11.5, 11.75, 12.0, 12.25, 12.5, 12.75, 13.0, 13.25, 13.5, 13.75, 14.0, 14.25, 14.5, 14.75, 15.0, 15.25, 15.5, 15.75, 16.0, 16.25, 16.5, 16.75, 17.0, 17.25, 17.5, 17.75, 18.0, 18.25, 18.5, 18.75, 19.0, 19.25, 19.5, 19.75, 20.0]
train_loss=[0.5237226539574233, 0.39347850805652473, 0.36704218687320395, 0.33971537817807085, 0.3082275392731578, 0.28462277642062406, 0.27514439988552214, 0.2553652966109895, 0.23822170700325548, 0.23627234549872053, 0.23183719711989084, 0.22533733716665286, 0.21516155162438225, 0.20663793495870347, 0.2078224631388149, 0.20970622572420705, 0.20670034840007442, 0.20117777135744713, 0.19706916841751634, 0.1954102360503783, 0.19487427795325696, 0.18778872157558585, 0.1921271868944, 0.1884588635973299, 0.19133449410417738, 0.18364082440247498, 0.18176802572579953, 0.18077724467138281, 0.17676255793927914, 0.18347069147358808, 0.1826106870292188, 0.18042393506881524, 0.17172673584371975, 0.17915557158656165, 0.18040405157219683, 0.17287345442770422, 0.17442760480091568, 0.17057620704595464, 0.168424588188185, 0.1742782667622086, 0.1641080233434432, 0.16887194944773343, 0.1670795088572522, 0.17030777395218394, 0.17131122820135683, 0.16895703667161066, 0.1616795433516609, 0.1614472046095801, 0.16045462423092494, 0.16486513571348455, 0.16884982443595395, 0.15883116241235215, 0.15781032886824714, 0.16358471886623657, 0.1676039743963866, 0.16489680093350448, 0.16241727019485594, 0.15592725370505187, 0.1616821592856273, 0.15721182320490154, 0.15512608297139532, 0.15356941768306123, 0.15771618116459238, 0.15523148813714538, 0.154740699628655, 0.15367609644539318, 0.16067151873493146, 0.15491241911928097, 0.15370203439380678, 0.1572479242280059, 0.15410359079988162, 0.1564093584333898, 0.1525590172271884, 0.1583558374619172, 0.15338170334742438, 0.15250619232305948, 0.15086419071457247, 0.15117357342034557, 0.15723501456987912, 0.15468279009689032]
train_acc=[0.7457333333333334, 0.8536000000000001, 0.8635999999999999, 0.8712666666666666, 0.8844666666666667, 0.8919999999999999, 0.8932000000000001, 0.9007333333333334, 0.9084666666666665, 0.9067333333333335, 0.9072000000000001, 0.9125333333333333, 0.9179999999999999, 0.9163333333333334, 0.9189999999999999, 0.9164666666666664, 0.9198000000000002, 0.9219999999999999, 0.9225333333333333, 0.9248666666666668, 0.9229999999999999, 0.9272666666666669, 0.925, 0.9277333333333333, 0.9274666666666667, 0.9303333333333335, 0.9330666666666665, 0.9292666666666666, 0.9328666666666667, 0.9311333333333335, 0.9308000000000001, 0.9316666666666666, 0.9337333333333332, 0.9338000000000002, 0.9316000000000001, 0.9357333333333334, 0.9356000000000002, 0.9360666666666666, 0.937, 0.9337333333333333, 0.9407333333333334, 0.9387333333333333, 0.9378000000000001, 0.9391999999999998, 0.9386, 0.9382000000000001, 0.94, 0.9388, 0.9436000000000001, 0.9389333333333332, 0.9375999999999999, 0.9412, 0.9452, 0.9404, 0.9394666666666663, 0.9378666666666667, 0.9420000000000001, 0.943, 0.9401333333333334, 0.9408000000000001, 0.9439333333333335, 0.9439333333333335, 0.9441999999999999, 0.9432666666666667, 0.9451333333333334, 0.9479333333333333, 0.9429333333333333, 0.9432666666666666, 0.9448000000000002, 0.9439999999999997, 0.9451999999999998, 0.9464666666666667, 0.9485999999999998, 0.9430666666666665, 0.9460666666666666, 0.9436666666666668, 0.9481333333333332, 0.9475333333333337, 0.9428666666666667, 0.9446666666666665]
test_axis=[1, 6, 11, 16, 20]
test_loss=[0.31452306619248965, 0.17460339910361344, 0.15823305596631093, 0.1528033257589241, 0.14774832311112276]
test_acc=[0.8848000000000001, 0.9286000000000001, 0.9353000000000001, 0.9434999999999999, 0.944]
Training time==[23.584604501724243,1.1792302250862121]

Swish+MSELoss
train_loss=0.11379721894832599
train_acc=0.9664666666666665
test_loss=0.11793086463453636
test_acc=0.9641000000000001
train_axis=[0.25, 0.5, 0.75, 1.0, 1.25, 1.5, 1.75, 2.0, 2.25, 2.5, 2.75, 3.0, 3.25, 3.5, 3.75, 4.0, 4.25, 4.5, 4.75, 5.0, 5.25, 5.5, 5.75, 6.0, 6.25, 6.5, 6.75, 7.0, 7.25, 7.5, 7.75, 8.0, 8.25, 8.5, 8.75, 9.0, 9.25, 9.5, 9.75, 10.0, 10.25, 10.5, 10.75, 11.0, 11.25, 11.5, 11.75, 12.0, 12.25, 12.5, 12.75, 13.0, 13.25, 13.5, 13.75, 14.0, 14.25, 14.5, 14.75, 15.0, 15.25, 15.5, 15.75, 16.0, 16.25, 16.5, 16.75, 17.0, 17.25, 17.5, 17.75, 18.0, 18.25, 18.5, 18.75, 19.0, 19.25, 19.5, 19.75, 20.0]
train_loss=[0.6271057467797893, 0.3965207070802118, 0.32495345159813804, 0.2736930801675719, 0.24196561524373317, 0.2275683188716377, 0.22208595700666572, 0.20976848165256867, 0.20379515829324413, 0.200089670547774, 0.19428795818071934, 0.1850765554948195, 0.1811566508876687, 0.17922547106523418, 0.17508890305076277, 0.17422663513682118, 0.16819843543939797, 0.1645686715287675, 0.1654109253201627, 0.16184930062054892, 0.16015867054475355, 0.1533789218917066, 0.14954464208316992, 0.1570879674895921, 0.15137254472583941, 0.14943212230534705, 0.14430014227181398, 0.14649994893674814, 0.14449310087325698, 0.1397290753070104, 0.14316572622000462, 0.14142287594515607, 0.1391578469086474, 0.13902896689867397, 0.1382165969472715, 0.1344934666162949, 0.13374765694022764, 0.1351835747099842, 0.13660862630755316, 0.12911641314106206, 0.12968403252393565, 0.13100425196121576, 0.1327880233510463, 0.12952915089434172, 0.12672267653454397, 0.12978326823192252, 0.12858494893391306, 0.1273709214903027, 0.1246201351626506, 0.126988852107774, 0.12849972667989915, 0.12217384460518403, 0.12333663387310154, 0.12414239341247425, 0.12394455738612237, 0.12168601579043757, 0.12162888222483706, 0.12120086948288242, 0.12153995119344484, 0.1222743732073467, 0.1188172455411834, 0.12062315222662776, 0.12106777425576479, 0.1195603950786551, 0.1186160442319704, 0.11790322823408907, 0.11625526166407472, 0.12046429952476895, 0.11738175679050436, 0.1140085138897963, 0.11711640501125117, 0.11877306424996213, 0.11760938311873284, 0.11811804832833114, 0.1132433074707995, 0.11320221597257449, 0.11852291588792606, 0.11227660085749148, 0.11260977099732666, 0.11379721894832599]
train_acc=[0.6346666666666666, 0.8472666666666668, 0.874, 0.8901333333333334, 0.9047333333333332, 0.905, 0.9076000000000001, 0.9154, 0.9183333333333333, 0.9185333333333335, 0.9228, 0.9290000000000002, 0.9317999999999999, 0.9316000000000001, 0.9338, 0.9338666666666667, 0.9393333333333331, 0.9407333333333331, 0.9406666666666664, 0.9422666666666665, 0.9423333333333332, 0.9473999999999999, 0.9492666666666666, 0.9440666666666667, 0.9478000000000001, 0.9500666666666666, 0.9499333333333334, 0.9509333333333333, 0.9526666666666666, 0.9538666666666665, 0.9504666666666666, 0.9524666666666667, 0.9551333333333332, 0.9531333333333332, 0.9519333333333333, 0.9562666666666666, 0.9564666666666667, 0.9553333333333334, 0.9540666666666666, 0.9620000000000001, 0.9608666666666666, 0.959, 0.9565333333333332, 0.9575999999999999, 0.9597333333333332, 0.9581333333333332, 0.9593333333333331, 0.9605333333333332, 0.9627333333333331, 0.9593999999999998, 0.9591999999999999, 0.9612, 0.9617999999999999, 0.9604, 0.9614666666666665, 0.9637333333333331, 0.9607333333333334, 0.9632666666666667, 0.9644000000000001, 0.9623333333333333, 0.9659999999999999, 0.9630666666666665, 0.9627333333333333, 0.9631333333333332, 0.9633333333333334, 0.9643333333333332, 0.9673333333333335, 0.9635999999999999, 0.9643333333333334, 0.9674, 0.9644666666666666, 0.9639333333333332, 0.965, 0.9632000000000002, 0.9683333333333332, 0.968, 0.9630666666666667, 0.9672, 0.9677999999999999, 0.9664666666666665]
test_axis=[1, 6, 11, 16, 20]
test_loss=[0.24283003616548174, 0.14765357605191287, 0.12933232952775212, 0.12566523985099226, 0.11793086463453636]
test_acc=[0.9048000000000002, 0.9482, 0.9586999999999999, 0.9609000000000001, 0.9641000000000001]
Training time==[20.196436405181885,1.0098218202590943]

Gelu+MSELoss
train_loss=0.10103119246205039
train_acc=0.9699333333333334
test_loss=0.10529187680873482
test_acc=0.9660000000000001
train_axis=[0.25, 0.5, 0.75, 1.0, 1.25, 1.5, 1.75, 2.0, 2.25, 2.5, 2.75, 3.0, 3.25, 3.5, 3.75, 4.0, 4.25, 4.5, 4.75, 5.0, 5.25, 5.5, 5.75, 6.0, 6.25, 6.5, 6.75, 7.0, 7.25, 7.5, 7.75, 8.0, 8.25, 8.5, 8.75, 9.0, 9.25, 9.5, 9.75, 10.0, 10.25, 10.5, 10.75, 11.0, 11.25, 11.5, 11.75, 12.0, 12.25, 12.5, 12.75, 13.0, 13.25, 13.5, 13.75, 14.0, 14.25, 14.5, 14.75, 15.0, 15.25, 15.5, 15.75, 16.0, 16.25, 16.5, 16.75, 17.0, 17.25, 17.5, 17.75, 18.0, 18.25, 18.5, 18.75, 19.0, 19.25, 19.5, 19.75, 20.0]
train_loss=[0.6086377049405486, 0.3527705942498454, 0.2747311430367815, 0.2318130117746721, 0.21378831638053414, 0.19918322945112482, 0.19533745083168094, 0.187854399850851, 0.1754071288462912, 0.1761444189330639, 0.17062693757271052, 0.16622098959301668, 0.15856952035809105, 0.1560887226785004, 0.1546283369848704, 0.153572245921067, 0.14673174365942787, 0.14543728830444475, 0.14031686600856663, 0.14316767158928898, 0.139218979277224, 0.13693356245404648, 0.133029529052418, 0.13295713203497403, 0.12985048532217172, 0.12734380140782478, 0.12925019264005957, 0.12908951189841994, 0.12496576026253574, 0.12742494381392397, 0.12587359901728107, 0.12024484451262211, 0.12040128002518495, 0.12139981149832128, 0.1217501905490484, 0.11928173643042854, 0.11914449666538819, 0.1179786036103757, 0.11659557938010404, 0.11488259004495359, 0.11016263527425318, 0.11474499635966827, 0.11476984663506182, 0.11714091688333667, 0.11288009706494428, 0.10998610196056376, 0.11333004798086663, 0.11211580017941133, 0.11106825268898206, 0.10755646383495181, 0.11096376038987998, 0.10944933526549173, 0.10701564931764966, 0.10677759865102944, 0.10996133353795191, 0.10713727713312532, 0.1067665511373448, 0.10710793160284335, 0.10611291501181888, 0.10663057645175975, 0.10586508838219821, 0.10404146960533164, 0.10313766270008626, 0.10574073578145597, 0.10226364548174642, 0.10332275676388164, 0.10339406522804512, 0.10502416241327202, 0.10006183090197751, 0.10326993880318071, 0.10194975962693434, 0.10268270491328624, 0.10137933077228044, 0.09927998453803362, 0.10125910336354968, 0.10147751508209235, 0.09916080385692398, 0.10128236249344666, 0.09827682861894026, 0.10103119246205039]
train_acc=[0.6536, 0.8598666666666668, 0.8878666666666667, 0.8997333333333332, 0.9106666666666666, 0.9195333333333334, 0.9196, 0.9227333333333335, 0.9333999999999999, 0.9293333333333333, 0.9327333333333335, 0.9355333333333332, 0.9410666666666665, 0.9405333333333332, 0.9418666666666665, 0.9421999999999999, 0.9469333333333331, 0.9477999999999999, 0.9501999999999998, 0.9468666666666669, 0.9513999999999999, 0.9512, 0.9543333333333331, 0.953, 0.9562, 0.9575333333333333, 0.9538, 0.9554, 0.9582666666666667, 0.9556666666666667, 0.9564666666666667, 0.9610666666666666, 0.9621333333333333, 0.9589333333333332, 0.9588, 0.9618666666666666, 0.9601999999999998, 0.9607333333333334, 0.9632000000000002, 0.9632666666666665, 0.9652666666666668, 0.9620666666666667, 0.9627333333333331, 0.9618000000000001, 0.964533333333333, 0.9663333333333335, 0.9632666666666667, 0.9644666666666668, 0.9650666666666666, 0.9655333333333332, 0.9659999999999999, 0.9654666666666666, 0.9692666666666666, 0.9675333333333334, 0.9639333333333333, 0.9656666666666667, 0.9669333333333331, 0.9661999999999998, 0.9672, 0.9677999999999999, 0.9682666666666664, 0.9677999999999999, 0.9672, 0.9681333333333335, 0.9693333333333332, 0.9682666666666665, 0.9697333333333332, 0.9674, 0.9704, 0.9687333333333333, 0.9693999999999998, 0.9685333333333331, 0.9696, 0.9704, 0.9681333333333333, 0.9684666666666667, 0.9706666666666667, 0.9679333333333333, 0.9708666666666667, 0.9699333333333334]
test_axis=[1, 6, 11, 16, 20]
test_loss=[0.21847805318040273, 0.1305085638884641, 0.11723584616623402, 0.10819884827344171, 0.10529187680873482]
test_acc=[0.9093000000000001, 0.9536000000000001, 0.9625, 0.9646000000000001, 0.9660000000000001]
Training time==[30.439452648162842,1.5219726324081422]

Swish+SoftmaxCrossEntropyLoss
train_loss=0.08582117414000545
train_acc=0.9764666666666668
test_loss=0.10456165423055383
test_acc=0.9677000000000001
train_axis=[0.25, 0.5, 0.75, 1.0, 1.25, 1.5, 1.75, 2.0, 2.25, 2.5, 2.75, 3.0, 3.25, 3.5, 3.75, 4.0, 4.25, 4.5, 4.75, 5.0, 5.25, 5.5, 5.75, 6.0, 6.25, 6.5, 6.75, 7.0, 7.25, 7.5, 7.75, 8.0, 8.25, 8.5, 8.75, 9.0, 9.25, 9.5, 9.75, 10.0, 10.25, 10.5, 10.75, 11.0, 11.25, 11.5, 11.75, 12.0, 12.25, 12.5, 12.75, 13.0, 13.25, 13.5, 13.75, 14.0, 14.25, 14.5, 14.75, 15.0, 15.25, 15.5, 15.75, 16.0, 16.25, 16.5, 16.75, 17.0, 17.25, 17.5, 17.75, 18.0, 18.25, 18.5, 18.75, 19.0, 19.25, 19.5, 19.75, 20.0]
train_loss=[1.845363851461542, 0.5713654300863893, 0.40933998619624495, 0.36534175527588575, 0.3289883121339516, 0.33232842269849766, 0.32190187205770227, 0.31208005884036455, 0.29720218057759257, 0.29349962169635657, 0.2753760777371499, 0.2672095788669019, 0.25558572419782893, 0.2568314267397337, 0.2371852664837359, 0.23110794818273916, 0.22795265011508112, 0.21352234388630162, 0.20910272236203856, 0.20184034854275032, 0.1877365048862086, 0.19742411918418548, 0.1903147744957772, 0.17972711418874396, 0.17667173200852357, 0.17167654430113424, 0.163599511464027, 0.16885065609437958, 0.1607129735296515, 0.1608035611436728, 0.1548068928225907, 0.14798137633014596, 0.15093547915884983, 0.14490783736815702, 0.1461192327680056, 0.1347372082150396, 0.13783438108333249, 0.13856870138269325, 0.12881147536684515, 0.130054167688006, 0.12901262373353004, 0.12579601859510744, 0.12163078581834857, 0.1268705534429326, 0.12093025502685398, 0.1215730120987336, 0.11218068619107162, 0.11980591269588392, 0.11472212912289032, 0.11499436712213684, 0.10724607709586564, 0.11376068676073411, 0.10677506064094842, 0.10218311875226187, 0.11032759595231918, 0.10848453073269894, 0.10011532430705196, 0.10393858550159059, 0.10117385787541913, 0.10220451327060234, 0.0980176878859527, 0.09750064559238576, 0.101974222174774, 0.09597484987475562, 0.09596695907378491, 0.09401737117938848, 0.0943695427200669, 0.09123452259742526, 0.09068913236758934, 0.0888934821362557, 0.08968451858825868, 0.09519696604313364, 0.08880977520263893, 0.08954004184188001, 0.08439881266217295, 0.08998014597492558, 0.08342628565674773, 0.08996250283726637, 0.0828407765672568, 0.08582117414000545]
train_acc=[0.4173333333333334, 0.8324, 0.8808666666666668, 0.8926000000000001, 0.9024666666666668, 0.9051999999999998, 0.9058, 0.9101333333333336, 0.9136666666666667, 0.9150666666666668, 0.9181999999999999, 0.9221333333333332, 0.926, 0.9238666666666667, 0.9316666666666666, 0.9339333333333335, 0.9338, 0.9384666666666666, 0.94, 0.9417333333333333, 0.9471333333333333, 0.9446666666666665, 0.9443333333333334, 0.9487333333333333, 0.9515999999999999, 0.9488666666666665, 0.9537333333333333, 0.9504666666666666, 0.9561333333333334, 0.9529333333333333, 0.9541333333333334, 0.9583999999999999, 0.9567333333333333, 0.9590666666666667, 0.958, 0.9618666666666665, 0.9612, 0.9600666666666666, 0.9626000000000001, 0.963, 0.9619333333333333, 0.9633333333333334, 0.9663333333333333, 0.9656666666666665, 0.9648666666666668, 0.9663999999999998, 0.9677999999999999, 0.9675333333333334, 0.9665333333333332, 0.9658, 0.9702666666666668, 0.9661333333333333, 0.9696, 0.9709333333333332, 0.9683333333333334, 0.9703333333333334, 0.9715999999999999, 0.9709999999999999, 0.9705333333333332, 0.9712666666666666, 0.9716666666666667, 0.9727999999999999, 0.9704666666666666, 0.9728666666666667, 0.9719333333333333, 0.9736666666666666, 0.9732666666666667, 0.9727333333333331, 0.9741333333333334, 0.975, 0.9751333333333334, 0.9719333333333333, 0.9752666666666666, 0.9735999999999999, 0.9767333333333332, 0.9740666666666667, 0.9777333333333331, 0.9743999999999998, 0.9761333333333334, 0.9764666666666668]
test_axis=[1, 6, 11, 16, 20]
test_loss=[0.3340776189597857, 0.17954238367794395, 0.13509198102599324, 0.10717147124829209, 0.10456165423055383]
test_acc=[0.9023000000000002, 0.9483000000000001, 0.9605999999999999, 0.9689000000000001, 0.9677000000000001]
Training time==[19.888686895370483,0.9944343447685242]

Swish+HingeLoss
train_loss=0.2037902474887441
train_acc=0.9884666666666665
test_loss=0.40250415326904204
test_acc=0.9784
train_axis=[0.25, 0.5, 0.75, 1.0, 1.25, 1.5, 1.75, 2.0, 2.25, 2.5, 2.75, 3.0, 3.25, 3.5, 3.75, 4.0, 4.25, 4.5, 4.75, 5.0, 5.25, 5.5, 5.75, 6.0, 6.25, 6.5, 6.75, 7.0, 7.25, 7.5, 7.75, 8.0, 8.25, 8.5, 8.75, 9.0, 9.25, 9.5, 9.75, 10.0, 10.25, 10.5, 10.75, 11.0, 11.25, 11.5, 11.75, 12.0, 12.25, 12.5, 12.75, 13.0, 13.25, 13.5, 13.75, 14.0, 14.25, 14.5, 14.75, 15.0, 15.25, 15.5, 15.75, 16.0, 16.25, 16.5, 16.75, 17.0, 17.25, 17.5, 17.75, 18.0, 18.25, 18.5, 18.75, 19.0, 19.25, 19.5, 19.75, 20.0]
train_loss=[10.768305687115411, 2.473261794867882, 2.0817590545507763, 1.5676158455535212, 1.3353615184558987, 1.2054313234307337, 1.183277958236107, 1.0192176153548516, 0.8961952007402562, 0.8280830744747747, 0.8361432417268863, 0.8414420171450523, 0.7007466646113887, 0.6684287754817086, 0.7209290118579386, 0.6352863462647397, 0.5897555933306647, 0.5703236951828058, 0.5600888504954645, 0.5868818496655764, 0.5270638918714877, 0.5050734804534568, 0.48680597301313594, 0.4843246729331983, 0.4176277059717151, 0.4562289276437562, 0.4620364337998987, 0.46086474225472046, 0.42788835718994844, 0.4199557538121807, 0.37370580850558244, 0.38556047431987317, 0.33165399650170313, 0.3689404268437135, 0.371351299524431, 0.3800732990774058, 0.3363039062986951, 0.3350941652682617, 0.3043070939207346, 0.39669532640041927, 0.29433926090294626, 0.3039349088418472, 0.3052919557449299, 0.33631278817891375, 0.27908780938249816, 0.28509699229842556, 0.2839434760176452, 0.2974527622540052, 0.25408491361704705, 0.23964340220275243, 0.289375709256243, 0.2584206143057158, 0.2593718181263326, 0.2778301787379586, 0.23236599518130344, 0.23324811476484328, 0.22503331456487796, 0.2164634884118001, 0.2575296565317105, 0.2641713292884569, 0.20927082372943076, 0.22030918391297272, 0.23535087266866725, 0.24281325809435245, 0.21519619026519596, 0.21336777660741846, 0.20438963944048624, 0.2330564973908649, 0.1824420920372524, 0.21927679587122376, 0.21056950147902231, 0.20153020199503072, 0.17672367870930578, 0.2114876387599368, 0.2123300036348913, 0.2117581967402195, 0.1716525478730649, 0.1906096206252334, 0.19017566556116186, 0.2037902474887441]
train_acc=[0.7143333333333334, 0.8943333333333335, 0.9079333333333334, 0.9260666666666668, 0.9339333333333332, 0.9431999999999999, 0.9434666666666666, 0.9522, 0.9540666666666666, 0.9589333333333333, 0.9586000000000001, 0.9586666666666668, 0.9638666666666665, 0.9652666666666668, 0.9637333333333333, 0.9670000000000001, 0.9679333333333333, 0.9693333333333332, 0.9687333333333333, 0.9705999999999998, 0.9737333333333333, 0.9714, 0.9748, 0.9740000000000002, 0.9763999999999998, 0.9749333333333334, 0.9735333333333334, 0.9742666666666666, 0.9763999999999998, 0.9765999999999997, 0.9785999999999999, 0.9802, 0.9804666666666666, 0.9802666666666666, 0.9793999999999999, 0.9797333333333332, 0.9811333333333333, 0.9801999999999998, 0.9820666666666666, 0.9769333333333333, 0.9832000000000001, 0.9820000000000001, 0.9822666666666665, 0.9816666666666667, 0.9850666666666666, 0.9839999999999998, 0.9852666666666664, 0.9824, 0.9864666666666668, 0.9868000000000002, 0.9845333333333334, 0.9858, 0.9856666666666666, 0.9843333333333334, 0.9873333333333335, 0.9867333333333332, 0.9877333333333334, 0.9874, 0.9846666666666668, 0.9855999999999998, 0.9886666666666667, 0.9877333333333331, 0.9871333333333333, 0.9860666666666664, 0.9875999999999999, 0.9879999999999999, 0.9882666666666663, 0.9871333333333333, 0.9893333333333334, 0.9877333333333334, 0.9884666666666665, 0.9884666666666667, 0.9897333333333334, 0.9889333333333332, 0.9884, 0.9877333333333334, 0.9902666666666666, 0.9896, 0.9895333333333334, 0.9884666666666665]
test_axis=[1, 6, 11, 16, 20]
test_loss=[1.264501046881048, 0.6442715491316734, 0.4387859218782639, 0.42785507042655885, 0.40250415326904204]
test_acc=[0.9385000000000002, 0.9666, 0.9774, 0.9775999999999999, 0.9784]
Training time==[19.350751399993896,0.9675375699996949]

2 hidden layers
Selu+MSELoss
train_loss=0.09714432666563798
train_acc=0.9624666666666667
test_loss=0.10128375541391132
test_acc=0.9566
train_axis=[0.25, 0.5, 0.75, 1.0, 1.25, 1.5, 1.75, 2.0, 2.25, 2.5, 2.75, 3.0, 3.25, 3.5, 3.75, 4.0, 4.25, 4.5, 4.75, 5.0, 5.25, 5.5, 5.75, 6.0, 6.25, 6.5, 6.75, 7.0, 7.25, 7.5, 7.75, 8.0, 8.25, 8.5, 8.75, 9.0, 9.25, 9.5, 9.75, 10.0, 10.25, 10.5, 10.75, 11.0, 11.25, 11.5, 11.75, 12.0, 12.25, 12.5, 12.75, 13.0, 13.25, 13.5, 13.75, 14.0, 14.25, 14.5, 14.75, 15.0, 15.25, 15.5, 15.75, 16.0, 16.25, 16.5, 16.75, 17.0, 17.25, 17.5, 17.75, 18.0, 18.25, 18.5, 18.75, 19.0, 19.25, 19.5, 19.75, 20.0]
train_loss=[0.7361576957767926, 0.4358975557608534, 0.36650807584771, 0.3297645527317905, 0.2842816777479403, 0.26178835619601915, 0.23768657536305274, 0.22915933432169472, 0.20940503736581018, 0.2077699159031213, 0.1895921934071825, 0.18684986582475693, 0.17775690163798094, 0.16985214569559692, 0.17325202759976469, 0.16827866309772613, 0.15980957405551222, 0.15388405691018098, 0.15653357546538726, 0.15277289069924402, 0.15216377763325176, 0.1504787898857966, 0.1430703289661164, 0.14038961136995737, 0.14517945075692468, 0.14038866355657434, 0.13699133548272338, 0.1349273373676456, 0.1332754146731281, 0.13120450140008444, 0.13134009491164952, 0.1297268898988541, 0.12652522024575433, 0.12525341825596892, 0.12831252127912984, 0.13061405683713861, 0.11979061634631885, 0.1252045157600691, 0.12223415682164708, 0.1233368904451467, 0.12117361541038396, 0.12067079499110606, 0.12011820232233826, 0.11901965441308097, 0.1164303777825917, 0.12050139015481366, 0.11801462797878032, 0.11776299434559467, 0.11641140047228773, 0.11521903393622426, 0.11364347116626779, 0.11399433979422618, 0.11266065199439355, 0.11290931750921136, 0.106831245383826, 0.11550136239313176, 0.11019335815615361, 0.10907001379546974, 0.11591408977327006, 0.10719925293948346, 0.11043426415324284, 0.10678051275757929, 0.1069509710346283, 0.10645498683769782, 0.10355461220142483, 0.10536487755703942, 0.10740359899971276, 0.10788365309835761, 0.10469964274440945, 0.1067427420041167, 0.10114416327868249, 0.10322057835802483, 0.10109465699443199, 0.10616581031653204, 0.10144528291105757, 0.09921006075224788, 0.09901978725779702, 0.10533186491864382, 0.10152125342032227, 0.09714432666563798]
train_acc=[0.442, 0.8029333333333334, 0.8603333333333334, 0.8723333333333333, 0.8952, 0.8986000000000002, 0.9021333333333335, 0.9037999999999999, 0.9141333333333334, 0.9115333333333334, 0.9198000000000002, 0.9200666666666668, 0.9251999999999998, 0.9291333333333334, 0.9260666666666668, 0.9274000000000001, 0.9313333333333335, 0.9340000000000002, 0.9333999999999999, 0.9341333333333334, 0.9349333333333332, 0.9357333333333332, 0.9397333333333332, 0.9396, 0.9405333333333332, 0.9409333333333333, 0.9433999999999999, 0.9431999999999997, 0.9451333333333334, 0.9414666666666669, 0.9458000000000001, 0.9455333333333332, 0.9467333333333333, 0.9500666666666666, 0.9441999999999999, 0.9451999999999998, 0.9500666666666666, 0.9459333333333333, 0.9485333333333331, 0.9475333333333333, 0.9493333333333331, 0.9490666666666666, 0.9494, 0.9520666666666665, 0.9532666666666667, 0.9498666666666666, 0.9508666666666666, 0.9498666666666666, 0.9538, 0.9511333333333333, 0.9510000000000001, 0.9535333333333333, 0.9532666666666665, 0.9533333333333334, 0.9563333333333333, 0.9523333333333333, 0.9559333333333332, 0.9536000000000001, 0.9509333333333333, 0.9562666666666666, 0.9542666666666666, 0.9563333333333333, 0.9565333333333335, 0.9567333333333333, 0.9582666666666667, 0.9575333333333333, 0.955, 0.9577999999999998, 0.9575333333333335, 0.9567333333333333, 0.9600666666666666, 0.9570000000000001, 0.9601999999999998, 0.9546666666666666, 0.9596666666666666, 0.9595333333333332, 0.9609333333333332, 0.9560666666666665, 0.9570666666666667, 0.9624666666666667]
test_axis=[1, 6, 11, 16, 20]
test_loss=[0.30575652397644865, 0.14197217195106504, 0.11990161134538051, 0.11113459094033992, 0.10128375541391132]
test_acc=[0.8845000000000001, 0.9405000000000001, 0.9493, 0.9558000000000001, 0.9566]
Training time==[28.217154264450073,1.4108577132225038]

Swish+MSELoss
train_loss=0.09215749898177115
train_acc=0.9635333333333334
test_loss=0.09166353505014596
test_acc=0.9628
train_axis=[0.25, 0.5, 0.75, 1.0, 1.25, 1.5, 1.75, 2.0, 2.25, 2.5, 2.75, 3.0, 3.25, 3.5, 3.75, 4.0, 4.25, 4.5, 4.75, 5.0, 5.25, 5.5, 5.75, 6.0, 6.25, 6.5, 6.75, 7.0, 7.25, 7.5, 7.75, 8.0, 8.25, 8.5, 8.75, 9.0, 9.25, 9.5, 9.75, 10.0, 10.25, 10.5, 10.75, 11.0, 11.25, 11.5, 11.75, 12.0, 12.25, 12.5, 12.75, 13.0, 13.25, 13.5, 13.75, 14.0, 14.25, 14.5, 14.75, 15.0, 15.25, 15.5, 15.75, 16.0, 16.25, 16.5, 16.75, 17.0, 17.25, 17.5, 17.75, 18.0, 18.25, 18.5, 18.75, 19.0, 19.25, 19.5, 19.75, 20.0]
train_loss=[0.9048515791507225, 0.8966363665178938, 0.8177431311019959, 0.6651895072082633, 0.5526275404109127, 0.4248219937815867, 0.3576624888569592, 0.30881223334632263, 0.26928329468021983, 0.24730700577538936, 0.2284404676844801, 0.21989801713516552, 0.21062784041690136, 0.20225559780773233, 0.19322568951902094, 0.19224330122322333, 0.18449423835986667, 0.17830168274019337, 0.17927971813366952, 0.17137567932700498, 0.16591836465741097, 0.16449257456400293, 0.1651494430072356, 0.15638389164503777, 0.15514390920681645, 0.15085104229618143, 0.1473093061946644, 0.14872984967400224, 0.14156005143961978, 0.13959814805346762, 0.14273361711545673, 0.14011054935868578, 0.13493280187519255, 0.13184001691718936, 0.13214025856183612, 0.1336971895407655, 0.12612183620279918, 0.12699535411787538, 0.12884710832378488, 0.1226845458049704, 0.12005344727722682, 0.12117431140658172, 0.12323476299690732, 0.11830751312733, 0.11144024740896592, 0.11826180702633379, 0.11383792365128945, 0.11772391558996309, 0.11387662884863933, 0.10784785582119624, 0.11175346030168033, 0.11056525122475051, 0.10669684719560761, 0.10912779719648417, 0.10754593028276142, 0.10623116256745126, 0.10402454013226628, 0.10469071434664592, 0.10196724898808197, 0.10403264542762954, 0.10261700868230392, 0.10043112335152479, 0.1009202375353393, 0.09993260922226696, 0.1015433879602822, 0.09997508086696595, 0.09674846490337242, 0.09234841497726745, 0.09677302412520039, 0.0964598713759961, 0.0958766038198074, 0.09432082805510796, 0.092917629936723, 0.09406853558573872, 0.09270521353722365, 0.09251511605462973, 0.09056256563177363, 0.09038213504575662, 0.09222880381091478, 0.09215749898177115]
train_acc=[0.10900000000000001, 0.1454, 0.28213333333333335, 0.48533333333333334, 0.6426, 0.7748, 0.8298, 0.8782666666666668, 0.8927333333333335, 0.8984, 0.9044, 0.9040666666666668, 0.9103333333333334, 0.9138666666666666, 0.9151333333333332, 0.9186000000000001, 0.9201333333333332, 0.9239333333333334, 0.9194000000000002, 0.9243333333333332, 0.9276666666666668, 0.9281333333333335, 0.9244666666666668, 0.9306666666666666, 0.9313999999999999, 0.9348, 0.9355333333333334, 0.9325333333333333, 0.9385333333333336, 0.9402666666666666, 0.9375333333333333, 0.9372666666666665, 0.9421333333333333, 0.9423999999999997, 0.9423333333333335, 0.9408666666666666, 0.9458666666666666, 0.9431999999999997, 0.9431999999999999, 0.9467999999999999, 0.9477999999999998, 0.9471999999999999, 0.9468666666666665, 0.9497333333333332, 0.9546666666666666, 0.9482666666666667, 0.9518666666666669, 0.9475999999999999, 0.9513999999999999, 0.9549333333333332, 0.9520000000000001, 0.9544666666666668, 0.9544000000000001, 0.9546, 0.9548000000000002, 0.955, 0.9566666666666667, 0.9568000000000002, 0.9581999999999999, 0.9574666666666667, 0.9567999999999999, 0.9591999999999999, 0.9588, 0.9582000000000002, 0.9587333333333333, 0.9602000000000002, 0.9606666666666667, 0.9625333333333334, 0.9611333333333333, 0.9601333333333336, 0.9619333333333331, 0.9618000000000001, 0.9637333333333333, 0.9626666666666666, 0.9618666666666665, 0.9615999999999999, 0.9643333333333332, 0.9652666666666668, 0.9638, 0.9635333333333334]
test_axis=[1, 6, 11, 16, 20]
test_loss=[0.5999931081478534, 0.15642597023467142, 0.11729734625305661, 0.10226424414344529, 0.09166353505014596]
test_acc=[0.6201, 0.9284000000000002, 0.9499000000000002, 0.9564, 0.9628]
Training time==[26.17477321624756,1.3087386608123779]

Gelu+MSELoss
train_loss=0.06480770565937669
train_acc=0.9768666666666667
test_loss=0.06836285997893557
test_acc=0.973
train_axis=[0.25, 0.5, 0.75, 1.0, 1.25, 1.5, 1.75, 2.0, 2.25, 2.5, 2.75, 3.0, 3.25, 3.5, 3.75, 4.0, 4.25, 4.5, 4.75, 5.0, 5.25, 5.5, 5.75, 6.0, 6.25, 6.5, 6.75, 7.0, 7.25, 7.5, 7.75, 8.0, 8.25, 8.5, 8.75, 9.0, 9.25, 9.5, 9.75, 10.0, 10.25, 10.5, 10.75, 11.0, 11.25, 11.5, 11.75, 12.0, 12.25, 12.5, 12.75, 13.0, 13.25, 13.5, 13.75, 14.0, 14.25, 14.5, 14.75, 15.0, 15.25, 15.5, 15.75, 16.0, 16.25, 16.5, 16.75, 17.0, 17.25, 17.5, 17.75, 18.0, 18.25, 18.5, 18.75, 19.0, 19.25, 19.5, 19.75, 20.0]
train_loss=[0.9049201991444037, 0.8960187929781411, 0.7863395523899652, 0.5573720412758617, 0.3936292623814983, 0.30240539558921004, 0.25388245635929196, 0.22416267576927282, 0.21045066388325248, 0.1974753623005116, 0.1909610039270894, 0.18492014318314526, 0.17418140901839593, 0.16467787706139428, 0.1566519928343935, 0.1561024290772172, 0.14768542829775091, 0.14186679869279573, 0.13651838462142932, 0.1346740451841392, 0.12721735774425172, 0.12262496812755132, 0.12314364016303529, 0.12010704650054782, 0.11365544882918509, 0.10972769611276464, 0.11229826564950597, 0.1066891455697412, 0.10267564636472554, 0.10342846283982506, 0.10093410264070563, 0.10060343776696967, 0.09605048759022912, 0.09597724627891582, 0.09556466475546789, 0.09256969474036121, 0.0926003085631536, 0.09041751348576604, 0.08632913681448463, 0.08989565617891862, 0.08357102077851009, 0.08729416891339525, 0.08584542837928552, 0.08675496867089101, 0.08497342235443589, 0.08006397644485352, 0.08275160723467018, 0.07996477292725548, 0.07871769631105913, 0.07718487735847518, 0.07940304854614728, 0.08121944838205035, 0.07467907750418457, 0.08024168806798865, 0.0751997050165075, 0.07567576838086892, 0.07277927399870592, 0.07541711661559099, 0.0725737296538354, 0.07541412030900471, 0.07212480540162378, 0.07138670945559729, 0.07077474036552493, 0.07356376311046149, 0.06833796347574848, 0.07069890121191086, 0.06740370944857343, 0.07277684326090073, 0.06615861754855329, 0.06911471563809926, 0.06831115461195082, 0.0703472353018352, 0.06600306381522542, 0.06729425345691432, 0.06729662416681506, 0.06648679589942304, 0.06496348255354273, 0.06641968216241867, 0.06533523816362226, 0.06480770565937669]
train_acc=[0.11006666666666666, 0.15846666666666664, 0.34400000000000003, 0.6368666666666667, 0.7903333333333334, 0.8713333333333333, 0.8861333333333334, 0.9012666666666667, 0.9025333333333333, 0.9104, 0.9125999999999999, 0.9130000000000001, 0.9209333333333333, 0.9232000000000001, 0.9292666666666666, 0.9273333333333333, 0.9310000000000003, 0.9335333333333333, 0.9386000000000001, 0.9388666666666667, 0.9418666666666665, 0.9442666666666666, 0.9426666666666665, 0.9455999999999999, 0.9485333333333331, 0.9518666666666665, 0.949666666666667, 0.9538, 0.9562666666666666, 0.9547333333333334, 0.9573333333333333, 0.9563333333333333, 0.9598, 0.9580666666666665, 0.9573999999999997, 0.9616666666666664, 0.9607333333333334, 0.9618666666666666, 0.9647333333333333, 0.9619333333333333, 0.9656, 0.9630666666666667, 0.9646000000000001, 0.9641333333333334, 0.9640666666666667, 0.9683999999999999, 0.9672, 0.9677333333333331, 0.9693999999999999, 0.9707333333333334, 0.9673333333333335, 0.9671333333333333, 0.9717333333333332, 0.9675999999999999, 0.9706, 0.9693999999999999, 0.9740666666666667, 0.9701333333333332, 0.9717999999999999, 0.9694666666666664, 0.9721999999999998, 0.9727999999999999, 0.9737333333333333, 0.9709999999999999, 0.9750666666666666, 0.9732666666666665, 0.974133333333333, 0.9706666666666665, 0.9767999999999999, 0.9735333333333331, 0.9743333333333332, 0.9728666666666667, 0.9760666666666664, 0.9743999999999999, 0.9755999999999998, 0.974666666666667, 0.9778000000000001, 0.9739333333333332, 0.9747999999999998, 0.9768666666666667]
test_axis=[1, 6, 11, 16, 20]
test_loss=[0.4543143603936233, 0.11327469261451256, 0.08742591499502149, 0.07461613782936585, 0.06836285997893557]
test_acc=[0.7852999999999999, 0.9492000000000002, 0.9623000000000002, 0.9683000000000002, 0.973]
Training time==[36.67394709587097,1.8336973547935487]

Swish+SoftmaxCrossEntropyLoss
train_loss=0.07685399476652706
train_acc=0.9766
test_loss=0.08575235166787554
test_acc=0.9750000000000001
train_axis=[0.25, 0.5, 0.75, 1.0, 1.25, 1.5, 1.75, 2.0, 2.25, 2.5, 2.75, 3.0, 3.25, 3.5, 3.75, 4.0, 4.25, 4.5, 4.75, 5.0, 5.25, 5.5, 5.75, 6.0, 6.25, 6.5, 6.75, 7.0, 7.25, 7.5, 7.75, 8.0, 8.25, 8.5, 8.75, 9.0, 9.25, 9.5, 9.75, 10.0, 10.25, 10.5, 10.75, 11.0, 11.25, 11.5, 11.75, 12.0, 12.25, 12.5, 12.75, 13.0, 13.25, 13.5, 13.75, 14.0, 14.25, 14.5, 14.75, 15.0, 15.25, 15.5, 15.75, 16.0, 16.25, 16.5, 16.75, 17.0, 17.25, 17.5, 17.75, 18.0, 18.25, 18.5, 18.75, 19.0, 19.25, 19.5, 19.75, 20.0]
train_loss=[2.3017910798154357, 2.3011714455558505, 2.3002221054217036, 2.298720368472219, 2.274052215772712, 1.781558851296258, 0.8701924246376531, 0.6300303918743544, 0.5056170048088249, 0.4250948449239187, 0.4039251357039654, 0.3524832243046137, 0.33805803433556214, 0.3063142785805959, 0.302048704749707, 0.2782300828803986, 0.2653441941731183, 0.2573002185661228, 0.2397472254222319, 0.23240488690867844, 0.21495964615891827, 0.2131220614138627, 0.20271114030769163, 0.20289788001395953, 0.19026051042248474, 0.17608529513256635, 0.17542272903698025, 0.17126715197169748, 0.1624815417565283, 0.1663368272217136, 0.1552292797621251, 0.14555293173372613, 0.14304179864325814, 0.1380742836381208, 0.13877272918411207, 0.12982559770936042, 0.1265860700164466, 0.12308678185882958, 0.1236601698102601, 0.12969276304136243, 0.12258361592155237, 0.11500271119179868, 0.11423826754346544, 0.11085148183943384, 0.10606059441377369, 0.11230672445097714, 0.10244863423454986, 0.10444585973341314, 0.1033964295864179, 0.09766935392968602, 0.09547487667128296, 0.1023335761517575, 0.094607643510314, 0.08954257002701221, 0.09167671405049405, 0.09865696991277143, 0.08783575915511901, 0.0849441522993397, 0.09372617387297187, 0.08949637535085216, 0.07939743027298117, 0.08570389165104314, 0.08161377318708264, 0.08537240968260762, 0.07837488081816923, 0.08136137288020294, 0.07634992056693915, 0.08381670187673343, 0.07546328833860019, 0.07223151052875494, 0.07823934115174284, 0.07619735589687411, 0.07065082581010888, 0.07355497298898418, 0.07392332771472136, 0.07418483387015999, 0.06671704441790453, 0.06684554216463913, 0.06938942862605604, 0.07685399476652706]
train_acc=[0.10753333333333333, 0.11193333333333333, 0.11353333333333335, 0.11326666666666668, 0.1296, 0.33919999999999995, 0.6948, 0.7989999999999999, 0.8506, 0.8737333333333331, 0.8808666666666667, 0.8970000000000001, 0.9005333333333334, 0.9098666666666668, 0.9100666666666666, 0.9139333333333336, 0.9202, 0.9239333333333334, 0.9282666666666667, 0.9291333333333334, 0.9342666666666668, 0.9366000000000001, 0.9375999999999999, 0.9393999999999998, 0.9433333333333334, 0.9467333333333333, 0.9457333333333334, 0.9488, 0.9520666666666667, 0.9505333333333332, 0.9547333333333332, 0.9565333333333332, 0.9559999999999998, 0.9602666666666668, 0.9582666666666665, 0.9606000000000002, 0.963, 0.9638666666666663, 0.963, 0.9617333333333332, 0.9618666666666666, 0.9654666666666666, 0.9659333333333332, 0.9667999999999999, 0.9673333333333332, 0.9659999999999999, 0.9695333333333331, 0.9693333333333334, 0.9706, 0.9704, 0.9717333333333332, 0.9691333333333334, 0.9711333333333333, 0.9729333333333333, 0.9718666666666664, 0.9701999999999998, 0.9734000000000002, 0.9750666666666666, 0.9720000000000001, 0.9721333333333333, 0.9764666666666667, 0.9747333333333332, 0.9767333333333332, 0.9754, 0.9755999999999998, 0.9756666666666668, 0.9766666666666665, 0.9751333333333332, 0.9762000000000001, 0.9791333333333334, 0.9773999999999999, 0.9766666666666667, 0.9780666666666665, 0.9781333333333333, 0.9788666666666666, 0.9774, 0.9808, 0.9812000000000001, 0.9783333333333334, 0.9766]
test_axis=[1, 6, 11, 16, 20]
test_loss=[2.2956378623105365, 0.1871003798335812, 0.12292820778942762, 0.09982486629888826, 0.08575235166787554]
test_acc=[0.11349999999999999, 0.9439, 0.9625000000000001, 0.9692000000000002, 0.9750000000000001]
Training time==[25.70366930961609,1.2851834654808045]

Swish+HingeLoss
train_loss=0.1490457686398175
train_acc=0.9904666666666666
test_loss=0.4019866513269797
test_acc=0.9769000000000001
train_axis=[0.25, 0.5, 0.75, 1.0, 1.25, 1.5, 1.75, 2.0, 2.25, 2.5, 2.75, 3.0, 3.25, 3.5, 3.75, 4.0, 4.25, 4.5, 4.75, 5.0, 5.25, 5.5, 5.75, 6.0, 6.25, 6.5, 6.75, 7.0, 7.25, 7.5, 7.75, 8.0, 8.25, 8.5, 8.75, 9.0, 9.25, 9.5, 9.75, 10.0, 10.25, 10.5, 10.75, 11.0, 11.25, 11.5, 11.75, 12.0, 12.25, 12.5, 12.75, 13.0, 13.25, 13.5, 13.75, 14.0, 14.25, 14.5, 14.75, 15.0, 15.25, 15.5, 15.75, 16.0, 16.25, 16.5, 16.75, 17.0, 17.25, 17.5, 17.75, 18.0, 18.25, 18.5, 18.75, 19.0, 19.25, 19.5, 19.75, 20.0]
train_loss=[37.09918490116219, 4.902099143445991, 2.8074629279698207, 1.9405117302559631, 1.597277464268213, 1.382255382848027, 1.2004677045984942, 1.23478195125891, 0.965498492985525, 0.9741912119970573, 0.8148244814777476, 0.7948167627341898, 0.7248868719842705, 0.7257672010825899, 0.6981838861617726, 0.6416244297756513, 0.5670433700567176, 0.5238226932714131, 0.5697260196416574, 0.5491629426535913, 0.5172919975112404, 0.4720076611888733, 0.4823674495684704, 0.47161437369812387, 0.398734810892765, 0.4505052520539344, 0.4500168347567785, 0.3695705961819174, 0.3587382383132638, 0.36771805760406373, 0.3216050626102438, 0.38641801851858787, 0.3105393065578886, 0.28726063472940583, 0.32233120540092464, 0.3582682621697101, 0.31194518158118467, 0.24205509214473683, 0.29696260316053147, 0.3188325729725852, 0.2299606095785342, 0.2826194485064931, 0.27415085630029035, 0.28578125106939334, 0.24543995009703606, 0.24204257012234473, 0.24150524408022842, 0.22523711476979713, 0.19140385196197288, 0.24790629250084598, 0.2471448765435042, 0.22642870405166501, 0.1613875983546606, 0.22815145727762665, 0.2029662941211412, 0.23018037971175961, 0.15644932350006324, 0.18092643163206995, 0.21132091081377533, 0.1998328506384729, 0.18525394389680655, 0.15200570508690608, 0.20418066256489367, 0.17104214205682983, 0.15033785075430922, 0.16439877688168356, 0.17061961272484344, 0.1683665155855928, 0.15594791527259239, 0.15160499322948914, 0.16965301247930392, 0.16535616405699538, 0.13098947322831483, 0.1452059356723201, 0.15604221537793572, 0.16620007648791224, 0.13469292101579142, 0.14624623760615374, 0.15470609830362808, 0.1490457686398175]
train_acc=[0.17853333333333335, 0.7919333333333333, 0.8825999999999999, 0.9122666666666664, 0.9252, 0.9362666666666667, 0.9396666666666665, 0.9417333333333333, 0.9503333333333333, 0.9504666666666666, 0.9583999999999999, 0.9584000000000001, 0.9612666666666666, 0.9596666666666664, 0.9634666666666666, 0.9651333333333332, 0.9669333333333333, 0.9698, 0.9693333333333332, 0.9688666666666665, 0.9700666666666666, 0.9732666666666665, 0.9724, 0.9724666666666665, 0.9756666666666667, 0.9735333333333331, 0.9727333333333333, 0.9788666666666666, 0.9777333333333333, 0.9784666666666666, 0.9806, 0.9767333333333335, 0.9806, 0.9821333333333333, 0.9809333333333334, 0.9777333333333335, 0.9804666666666666, 0.9852666666666668, 0.9813333333333333, 0.9799333333333334, 0.9844666666666668, 0.9821999999999999, 0.9819999999999999, 0.9829999999999999, 0.9848, 0.9848, 0.9838666666666666, 0.9856666666666665, 0.9876000000000001, 0.9829999999999999, 0.9842666666666666, 0.9851333333333332, 0.9895333333333332, 0.9854, 0.9873333333333333, 0.9860666666666664, 0.99, 0.9892, 0.9861333333333332, 0.9870666666666666, 0.9875333333333333, 0.9905333333333333, 0.9868666666666664, 0.9889333333333332, 0.9905333333333333, 0.9893999999999998, 0.9894000000000002, 0.9895333333333334, 0.9892666666666666, 0.9903333333333332, 0.9896, 0.9896666666666666, 0.9912666666666666, 0.9917333333333332, 0.9900666666666667, 0.9891333333333332, 0.9913333333333333, 0.9903333333333334, 0.9908, 0.9904666666666666]
test_axis=[1, 6, 11, 16, 20]
test_loss=[1.6713981674009821, 0.6094696868856078, 0.47917486356301764, 0.4642231010937929, 0.4019866513269797]
test_acc=[0.9198000000000002, 0.9697999999999999, 0.9756, 0.9755000000000001, 0.9769000000000001]
Training time==[40.156044006347656,2.007802200317383]

Selu+MSELoss+1, 100 epochs
train_loss=0.13912063074513792
train_acc=0.9564666666666667
test_loss=0.13713170610000391
test_acc=0.9545
train_axis=[0.25, 0.5, 0.75, 1.0, 1.25, 1.5, 1.75, 2.0, 2.25, 2.5, 2.75, 3.0, 3.25, 3.5, 3.75, 4.0, 4.25, 4.5, 4.75, 5.0, 5.25, 5.5, 5.75, 6.0, 6.25, 6.5, 6.75, 7.0, 7.25, 7.5, 7.75, 8.0, 8.25, 8.5, 8.75, 9.0, 9.25, 9.5, 9.75, 10.0, 10.25, 10.5, 10.75, 11.0, 11.25, 11.5, 11.75, 12.0, 12.25, 12.5, 12.75, 13.0, 13.25, 13.5, 13.75, 14.0, 14.25, 14.5, 14.75, 15.0, 15.25, 15.5, 15.75, 16.0, 16.25, 16.5, 16.75, 17.0, 17.25, 17.5, 17.75, 18.0, 18.25, 18.5, 18.75, 19.0, 19.25, 19.5, 19.75, 20.0, 20.25, 20.5, 20.75, 21.0, 21.25, 21.5, 21.75, 22.0, 22.25, 22.5, 22.75, 23.0, 23.25, 23.5, 23.75, 24.0, 24.25, 24.5, 24.75, 25.0, 25.25, 25.5, 25.75, 26.0, 26.25, 26.5, 26.75, 27.0, 27.25, 27.5, 27.75, 28.0, 28.25, 28.5, 28.75, 29.0, 29.25, 29.5, 29.75, 30.0, 30.25, 30.5, 30.75, 31.0, 31.25, 31.5, 31.75, 32.0, 32.25, 32.5, 32.75, 33.0, 33.25, 33.5, 33.75, 34.0, 34.25, 34.5, 34.75, 35.0, 35.25, 35.5, 35.75, 36.0, 36.25, 36.5, 36.75, 37.0, 37.25, 37.5, 37.75, 38.0, 38.25, 38.5, 38.75, 39.0, 39.25, 39.5, 39.75, 40.0, 40.25, 40.5, 40.75, 41.0, 41.25, 41.5, 41.75, 42.0, 42.25, 42.5, 42.75, 43.0, 43.25, 43.5, 43.75, 44.0, 44.25, 44.5, 44.75, 45.0, 45.25, 45.5, 45.75, 46.0, 46.25, 46.5, 46.75, 47.0, 47.25, 47.5, 47.75, 48.0, 48.25, 48.5, 48.75, 49.0, 49.25, 49.5, 49.75, 50.0, 50.25, 50.5, 50.75, 51.0, 51.25, 51.5, 51.75, 52.0, 52.25, 52.5, 52.75, 53.0, 53.25, 53.5, 53.75, 54.0, 54.25, 54.5, 54.75, 55.0, 55.25, 55.5, 55.75, 56.0, 56.25, 56.5, 56.75, 57.0, 57.25, 57.5, 57.75, 58.0, 58.25, 58.5, 58.75, 59.0, 59.25, 59.5, 59.75, 60.0, 60.25, 60.5, 60.75, 61.0, 61.25, 61.5, 61.75, 62.0, 62.25, 62.5, 62.75, 63.0, 63.25, 63.5, 63.75, 64.0, 64.25, 64.5, 64.75, 65.0, 65.25, 65.5, 65.75, 66.0, 66.25, 66.5, 66.75, 67.0, 67.25, 67.5, 67.75, 68.0, 68.25, 68.5, 68.75, 69.0, 69.25, 69.5, 69.75, 70.0, 70.25, 70.5, 70.75, 71.0, 71.25, 71.5, 71.75, 72.0, 72.25, 72.5, 72.75, 73.0, 73.25, 73.5, 73.75, 74.0, 74.25, 74.5, 74.75, 75.0, 75.25, 75.5, 75.75, 76.0, 76.25, 76.5, 76.75, 77.0, 77.25, 77.5, 77.75, 78.0, 78.25, 78.5, 78.75, 79.0, 79.25, 79.5, 79.75, 80.0, 80.25, 80.5, 80.75, 81.0, 81.25, 81.5, 81.75, 82.0, 82.25, 82.5, 82.75, 83.0, 83.25, 83.5, 83.75, 84.0, 84.25, 84.5, 84.75, 85.0, 85.25, 85.5, 85.75, 86.0, 86.25, 86.5, 86.75, 87.0, 87.25, 87.5, 87.75, 88.0, 88.25, 88.5, 88.75, 89.0, 89.25, 89.5, 89.75, 90.0, 90.25, 90.5, 90.75, 91.0, 91.25, 91.5, 91.75, 92.0, 92.25, 92.5, 92.75, 93.0, 93.25, 93.5, 93.75, 94.0, 94.25, 94.5, 94.75, 95.0, 95.25, 95.5, 95.75, 96.0, 96.25, 96.5, 96.75, 97.0, 97.25, 97.5, 97.75, 98.0, 98.25, 98.5, 98.75, 99.0, 99.25, 99.5, 99.75, 100.0]
train_loss=[0.5198047944480573, 0.398108354396587, 0.3714464147486961, 0.33417980921792556, 0.29389961438658396, 0.26477788512585876, 0.24781543771487619, 0.24004740671275462, 0.22052910254309277, 0.2159360499549016, 0.21343797261757666, 0.206355385622413, 0.20053292806057982, 0.20161692362107553, 0.19631899538725284, 0.20064474259459142, 0.19437867046025684, 0.19320557817604023, 0.19076937276770878, 0.1903703716067029, 0.18724299920122317, 0.1905473944300597, 0.18953024616769673, 0.1877578672072273, 0.18678985689229294, 0.1829367928956572, 0.18030422214685385, 0.18119070606954055, 0.1809924302953153, 0.18293567021799495, 0.1786034241641749, 0.17806701332220412, 0.17624108962774254, 0.17458050155897364, 0.17482688219098563, 0.17550939061296086, 0.1725991068123266, 0.175230201758973, 0.17617843204615022, 0.17128007770687004, 0.16934685122472076, 0.17399547701967877, 0.16851644259863274, 0.17225226076611164, 0.17638591048564684, 0.17249444566718186, 0.16671244261824508, 0.1702976891173766, 0.16585191117557405, 0.1660580934249406, 0.1754063890387672, 0.16683653670747767, 0.16908398282180861, 0.1636703482182825, 0.16395119681363796, 0.16640580113127162, 0.16758407895713026, 0.16792349566615353, 0.16507320201951192, 0.16199996483408793, 0.1586097537835358, 0.16565420396006464, 0.16156375696778028, 0.16429673443731008, 0.16372733112023055, 0.15778007509027614, 0.1614525369098707, 0.16414847389021026, 0.15594678530059963, 0.15869599563891848, 0.16631328857614833, 0.16105756309532898, 0.15849765135143726, 0.15834869236269228, 0.15814781026751384, 0.15971625932583672, 0.1577195593014521, 0.16425468218317074, 0.16314084852003385, 0.15615917965664902, 0.157936815594992, 0.15893637882446768, 0.1614009395589376, 0.15685730908758805, 0.15796859312641298, 0.15080819130583017, 0.16060582257504707, 0.15881510080389016, 0.15235418611343818, 0.15855717697532593, 0.1545543429317773, 0.1531316454479501, 0.15148060808719474, 0.15544613603286872, 0.15474197804607295, 0.1563750981324109, 0.15253098340115648, 0.1559974274315853, 0.15251125264152496, 0.15399224710251802, 0.15946671681852537, 0.1545231957548858, 0.15421698828046412, 0.14742728762485086, 0.15847965505308229, 0.15338659994156367, 0.15496185508818178, 0.15585593813941645, 0.14612852744741203, 0.15337735207148576, 0.15863482960053238, 0.15703789967284196, 0.15748629123528896, 0.15103790013176435, 0.15614517495485844, 0.1508473067420995, 0.14939655552347234, 0.14989707515025538, 0.15310981849675281, 0.1584744275674339, 0.15158543384055181, 0.14894383037748132, 0.1551137484583915, 0.1490197179498827, 0.14936221440804046, 0.1531453333470975, 0.1503063407679942, 0.1536776216844115, 0.14818306023161124, 0.14761180838741622, 0.15156283783904864, 0.14837742696966444, 0.15180775014624642, 0.1478525227718652, 0.15479257167407443, 0.1486770239129571, 0.14934942071907634, 0.14877907166701562, 0.15110440657443353, 0.1518807526226055, 0.14449895417743983, 0.15283036937681094, 0.1515852439345487, 0.1506012406385093, 0.14921853568230983, 0.1521490377687059, 0.15345119468601048, 0.14640534383395382, 0.1495767278819928, 0.14631829553648326, 0.1556863560519615, 0.1455752389151172, 0.1444273316322849, 0.15240916819984782, 0.1533227921792557, 0.15047740385930605, 0.14768880927794184, 0.1504178878450845, 0.15422795968418668, 0.14162806143201442, 0.14838070519474353, 0.1466045952259325, 0.14507732502053722, 0.15280631040241335, 0.14462119670021475, 0.14766983937892283, 0.14558411133300186, 0.15195214945433533, 0.14168979771138013, 0.14544404804265723, 0.14754866347770532, 0.1474026720798366, 0.14471969672673232, 0.14438027277074164, 0.15007054187945967, 0.14571549384464721, 0.14553544599618137, 0.1473124287245114, 0.14624380751319657, 0.14262864331127845, 0.14546242906415516, 0.14479010129392397, 0.14878670156692825, 0.14791244842536888, 0.14646890781146182, 0.1430455351550264, 0.14518053792836377, 0.14933630813551335, 0.1426851506038892, 0.14790652961352174, 0.14281085523497222, 0.1529572766692662, 0.14226905825832237, 0.13918397469408494, 0.14715449989950996, 0.1501502994968764, 0.1444538404743578, 0.1440704094686689, 0.1423893654555946, 0.15035969811501895, 0.1400324505699603, 0.14613210029581586, 0.14342120026074207, 0.1467005707301653, 0.1406762330418178, 0.13974846695963364, 0.1496365867660863, 0.14290991902991645, 0.14891998006065013, 0.14731869572698414, 0.14587655266812397, 0.14205453896111891, 0.1392355554643024, 0.1444855532487873, 0.14625198905057918, 0.14607840355916304, 0.14610109878413752, 0.1461014088542874, 0.14712702848584794, 0.14174871764225908, 0.1395200485102708, 0.14243718149320575, 0.1403351548162423, 0.1451220071164262, 0.14170596356627882, 0.14645709062386147, 0.1436258519446972, 0.14138385357973562, 0.14112143372235336, 0.1461149897220723, 0.14593973725243478, 0.13884864729154325, 0.14297186518748148, 0.14553486024403742, 0.14114920567580239, 0.14748544160358115, 0.14027373535899523, 0.14663855059166703, 0.14488147117572378, 0.14701778915517943, 0.14192363688008117, 0.14015974166084047, 0.14703194943736927, 0.14341259791965258, 0.14269950243299445, 0.14508557312398807, 0.14203967947237858, 0.1367695832267106, 0.14221313981777314, 0.13839205889641415, 0.1454131121626251, 0.14225324387024202, 0.13931823425274462, 0.14228717276648054, 0.1397113644043773, 0.14566706034427787, 0.13619939353112873, 0.14233853727172838, 0.14160777182706344, 0.1499825969422677, 0.1474788772361391, 0.14280936584684664, 0.14472775821444975, 0.14681458285524776, 0.14324567642906857, 0.14555834655342, 0.13814213474086495, 0.1445189981970611, 0.13722427809331889, 0.1409246872916471, 0.1374310624317656, 0.1485976762005302, 0.13934710430149613, 0.14272792794627567, 0.1432344023405686, 0.14385866655262067, 0.13759109893656102, 0.14125610502034117, 0.13977540210750006, 0.14372591716913027, 0.14075058254119802, 0.1351119207870339, 0.14314259893374598, 0.1455026467178871, 0.14039606164513177, 0.14342170957728187, 0.13589442257270637, 0.14015556932906706, 0.13817065441357157, 0.14110917265475914, 0.14414608315807356, 0.13755820883133946, 0.1389262191395835, 0.13940892411538125, 0.1361904327114679, 0.14170725822828015, 0.13831870834117818, 0.14225485603606317, 0.1383182369492545, 0.14076169625600932, 0.14176774892278912, 0.13758026285350208, 0.1408495161149028, 0.13750377608672462, 0.1391665302741606, 0.13758875818925353, 0.14128538049365996, 0.1438122916803041, 0.1451757816544113, 0.1382452793954062, 0.13958535098479677, 0.14670242276866247, 0.1378115772724294, 0.1423735918972437, 0.13675996705835738, 0.14442315260871905, 0.13919497750689744, 0.1385065322828142, 0.13686746267011116, 0.14356162132928046, 0.14019655436727793, 0.13908441806455932, 0.14058157285921552, 0.14018057288903898, 0.14595498300581486, 0.1385026039105756, 0.14484434202376442, 0.1332498226388658, 0.13145233382694213, 0.14530765353639327, 0.14143339995504875, 0.13672821231111523, 0.13819229755167597, 0.1337968383484182, 0.14171437184680077, 0.1348377344992054, 0.1370541072484083, 0.13794130207947286, 0.14010307403819047, 0.13736633160033607, 0.13690411969187774, 0.13827872478290254, 0.13505252489212513, 0.1461740029799347, 0.13684814000664172, 0.1337778070186884, 0.13800949454709902, 0.14134582621299777, 0.1378139460167573, 0.13464387337754932, 0.14008213531811003, 0.14276054356368523, 0.13588358914247048, 0.13503456380820017, 0.13589072711740713, 0.13925498356034047, 0.13858518909346143, 0.14254927424506023, 0.13749616003010048, 0.13912100065999572, 0.1396761638023086, 0.13751825119342112, 0.13616216664747627, 0.13615809543260454, 0.13473779238939354, 0.14067182123198382, 0.13835242847165513, 0.1369056162661406, 0.13410695226306288, 0.13707925931207682, 0.13846217194243182, 0.14229345985912506, 0.13282360427303033, 0.13571975481904686, 0.14254755199706215, 0.14172102638639136, 0.13863192965199433, 0.13287101059457512, 0.13964800767207677, 0.13819004060584003, 0.1340109685635289, 0.1376872146423279, 0.1349117431462827, 0.14030645588053525, 0.13582782291805473, 0.13602656333481808, 0.13483703160079244, 0.1375310270444044, 0.13694325200042287, 0.13553029405709485, 0.1358588611280033, 0.13990256992839836, 0.141380103848592, 0.13300396824701524, 0.1396521162957233, 0.1369224208006389, 0.1373184186594618, 0.1341108937669465, 0.13210345715658936, 0.13912063074513792]
train_acc=[0.7474000000000002, 0.8523333333333333, 0.8649333333333332, 0.8721999999999999, 0.8886666666666667, 0.8990666666666668, 0.9014000000000001, 0.9050666666666666, 0.9111333333333335, 0.9110666666666665, 0.9122666666666664, 0.9168666666666668, 0.9192666666666668, 0.9181333333333334, 0.9182666666666667, 0.9172000000000001, 0.9209999999999998, 0.9214666666666669, 0.9208666666666668, 0.9243333333333333, 0.9247999999999998, 0.9235333333333332, 0.9230666666666665, 0.925, 0.925, 0.9275333333333333, 0.9265333333333333, 0.9263333333333335, 0.9289333333333334, 0.9262666666666667, 0.9269333333333333, 0.9310666666666668, 0.9293333333333336, 0.9319333333333331, 0.9318666666666665, 0.9314666666666667, 0.9342666666666666, 0.9306666666666664, 0.9329333333333332, 0.932, 0.9341999999999999, 0.9334666666666666, 0.9361333333333335, 0.9324666666666667, 0.9320666666666667, 0.9332666666666667, 0.9378000000000001, 0.9356666666666666, 0.9376666666666665, 0.9340666666666666, 0.9299333333333334, 0.9388, 0.9366666666666666, 0.9377333333333335, 0.9382666666666667, 0.9362666666666668, 0.9366000000000001, 0.9384000000000001, 0.9406666666666667, 0.9388, 0.9420000000000001, 0.9385333333333333, 0.9391333333333332, 0.9384666666666666, 0.936, 0.9435333333333331, 0.9419999999999997, 0.9394000000000001, 0.9454666666666666, 0.9404, 0.9360666666666668, 0.9412666666666667, 0.9394666666666666, 0.9425333333333333, 0.9398666666666666, 0.9428666666666665, 0.9431333333333335, 0.9408666666666666, 0.9391999999999999, 0.9430666666666665, 0.9414666666666669, 0.9430000000000001, 0.9393333333333334, 0.9429333333333333, 0.9418666666666666, 0.9468666666666665, 0.9418666666666666, 0.9419333333333333, 0.9460666666666665, 0.943, 0.9436666666666665, 0.9455333333333332, 0.9428666666666667, 0.9438666666666667, 0.9458000000000001, 0.9454, 0.9448666666666664, 0.9446, 0.9437333333333333, 0.9452666666666668, 0.9430000000000001, 0.9447333333333332, 0.945, 0.9479333333333333, 0.9413333333333332, 0.948, 0.9459333333333333, 0.9464666666666667, 0.9497333333333334, 0.9442666666666666, 0.9438666666666665, 0.9424000000000001, 0.9450666666666666, 0.9452000000000002, 0.9445333333333333, 0.9463333333333335, 0.9467333333333333, 0.9468666666666665, 0.9452666666666665, 0.9439333333333334, 0.9461999999999998, 0.9491999999999999, 0.9425999999999999, 0.9488, 0.9491333333333334, 0.9454666666666666, 0.9478666666666667, 0.9474666666666665, 0.9484666666666667, 0.9501333333333334, 0.9460666666666668, 0.9447333333333334, 0.9466000000000001, 0.9481999999999999, 0.9464666666666669, 0.9488666666666665, 0.9492666666666666, 0.9495333333333333, 0.9460666666666668, 0.9461333333333335, 0.9505999999999998, 0.9460666666666668, 0.9464666666666665, 0.9477333333333333, 0.9489333333333334, 0.9478666666666667, 0.9466000000000001, 0.948, 0.9487333333333333, 0.9492000000000004, 0.9473333333333332, 0.948, 0.9506666666666668, 0.9470666666666667, 0.9478000000000001, 0.9481333333333335, 0.9512666666666667, 0.9494666666666668, 0.9434666666666666, 0.9508, 0.9490666666666667, 0.9508666666666666, 0.9493333333333336, 0.9486, 0.9503333333333334, 0.9497333333333334, 0.9502666666666664, 0.9473333333333332, 0.9519333333333333, 0.9498666666666667, 0.9517999999999999, 0.9497999999999998, 0.9506666666666667, 0.9523333333333333, 0.9479333333333333, 0.9494, 0.9522666666666667, 0.9485999999999998, 0.9509333333333334, 0.9522666666666667, 0.9502666666666668, 0.9504666666666666, 0.949933333333333, 0.952133333333333, 0.9505333333333332, 0.9508, 0.9504666666666666, 0.9488, 0.9536000000000001, 0.9481333333333332, 0.9518000000000003, 0.9506, 0.9508, 0.9540666666666667, 0.9498666666666666, 0.9496, 0.9516666666666667, 0.9525999999999999, 0.9510666666666668, 0.9499999999999998, 0.9536666666666668, 0.9505999999999998, 0.9526666666666666, 0.9501999999999998, 0.9541333333333334, 0.9525999999999999, 0.9524000000000001, 0.9488666666666665, 0.9506666666666664, 0.9517333333333333, 0.9504, 0.9521333333333333, 0.954, 0.9508, 0.9519333333333335, 0.9528000000000001, 0.9540666666666667, 0.9510666666666666, 0.9516666666666667, 0.9513333333333333, 0.9516666666666667, 0.9554666666666666, 0.9516000000000001, 0.9506666666666667, 0.954, 0.9505333333333332, 0.9533333333333334, 0.9540666666666667, 0.953, 0.9538666666666668, 0.9517999999999999, 0.9537333333333333, 0.9530666666666665, 0.9525333333333333, 0.9530666666666665, 0.9529333333333333, 0.9546666666666664, 0.9526666666666666, 0.9516000000000001, 0.9503333333333333, 0.9513333333333333, 0.9567999999999999, 0.9502666666666666, 0.9537333333333333, 0.9534000000000001, 0.9513333333333333, 0.9538, 0.9583333333333334, 0.9522000000000003, 0.9547333333333332, 0.9507333333333334, 0.9543333333333334, 0.9551999999999998, 0.9531333333333333, 0.9558666666666666, 0.9514000000000002, 0.9550666666666666, 0.9528000000000001, 0.9567333333333333, 0.9491333333333334, 0.9539333333333332, 0.954, 0.9530666666666665, 0.9531333333333333, 0.9532666666666667, 0.9508, 0.9570666666666667, 0.9538666666666668, 0.9558666666666666, 0.9525333333333333, 0.9575333333333333, 0.9511333333333334, 0.955, 0.9536000000000001, 0.9544666666666666, 0.9540666666666667, 0.9567333333333333, 0.9528666666666665, 0.954, 0.9533333333333331, 0.9546666666666664, 0.9565333333333335, 0.9554, 0.9528666666666668, 0.9543999999999998, 0.9533999999999999, 0.9547333333333332, 0.9554, 0.9549333333333334, 0.9551333333333332, 0.9529333333333333, 0.9572666666666665, 0.9562, 0.9558666666666666, 0.9561333333333333, 0.9524666666666667, 0.9566666666666667, 0.9560000000000001, 0.9559999999999998, 0.9546666666666666, 0.9535333333333331, 0.9561333333333334, 0.9558666666666666, 0.9559333333333332, 0.9576666666666666, 0.9555333333333332, 0.9541999999999999, 0.9565999999999999, 0.953066666666667, 0.9568000000000001, 0.9565333333333332, 0.9512666666666667, 0.9553333333333333, 0.9554, 0.9567333333333333, 0.9543999999999998, 0.9557333333333334, 0.9567999999999999, 0.9553333333333334, 0.9550666666666666, 0.9548666666666668, 0.9559999999999998, 0.9542666666666668, 0.9568666666666665, 0.9538, 0.9565333333333335, 0.9523999999999997, 0.9597333333333332, 0.9608, 0.9544666666666666, 0.9555333333333335, 0.9544666666666668, 0.9576666666666666, 0.9567333333333333, 0.9558, 0.9579333333333331, 0.9587333333333331, 0.9554666666666666, 0.9544666666666668, 0.9571333333333333, 0.9579333333333333, 0.9588666666666665, 0.9575333333333333, 0.9513999999999999, 0.9567333333333333, 0.958, 0.9571333333333331, 0.9566666666666667, 0.9550666666666666, 0.9590666666666667, 0.9559999999999998, 0.9555333333333332, 0.9564666666666665, 0.9588666666666668, 0.9557333333333332, 0.9568666666666666, 0.9567333333333334, 0.9546, 0.9561333333333334, 0.9562666666666666, 0.9581999999999997, 0.9554666666666666, 0.9554, 0.9573999999999997, 0.9588, 0.9548666666666668, 0.9570666666666667, 0.9591999999999999, 0.9588666666666665, 0.9568000000000002, 0.9559333333333332, 0.9559333333333332, 0.9580666666666665, 0.9566, 0.9568666666666665, 0.9553333333333334, 0.9567333333333333, 0.9604666666666665, 0.9556666666666664, 0.9531999999999999, 0.9575333333333335, 0.9571999999999999, 0.9583333333333334, 0.9550666666666664, 0.9565333333333331, 0.9575999999999999, 0.9587333333333333, 0.9562, 0.9588666666666668, 0.9566666666666667, 0.9574000000000001, 0.9551333333333332, 0.9555333333333332, 0.9616, 0.9581999999999999, 0.9553333333333334, 0.9570000000000001, 0.9562, 0.9601333333333336, 0.9564666666666667]
test_axis=[1, 6, 11, 16, 21, 26, 31, 36, 41, 46, 51, 56, 61, 66, 71, 76, 81, 86, 91, 96, 100]
test_loss=[0.30721059966349784, 0.18243277153840812, 0.18822806002506293, 0.16496518515729627, 0.1525462346026939, 0.17099943651973265, 0.15611124781454705, 0.1528291234716993, 0.15269500450903342, 0.1473459080465709, 0.1355816708887082, 0.1525321161684805, 0.15622565028407304, 0.13514126871247975, 0.14455119766127147, 0.14731350641552982, 0.14248476198210852, 0.13965162894571254, 0.1409899413666699, 0.1350856062521405, 0.13713170610000391]
test_acc=[0.8962, 0.9273, 0.9343000000000002, 0.9393000000000002, 0.9405000000000001, 0.9427000000000004, 0.9432, 0.9469000000000003, 0.9492, 0.9473000000000001, 0.9512, 0.9471, 0.9488000000000002, 0.9497, 0.9521, 0.9506, 0.9519000000000001, 0.9517000000000002, 0.9530000000000001, 0.9546000000000001, 0.9545]
Training time==[143.9357831478119,1.4393578314781188]

Relu+SoftmaxCrossEntropyLoss+1
train_loss=0.06955360148462553
train_acc=0.9802666666666664
test_loss=0.08662357570869951
test_acc=0.9749
train_axis=[0.25, 0.5, 0.75, 1.0, 1.25, 1.5, 1.75, 2.0, 2.25, 2.5, 2.75, 3.0, 3.25, 3.5, 3.75, 4.0, 4.25, 4.5, 4.75, 5.0, 5.25, 5.5, 5.75, 6.0, 6.25, 6.5, 6.75, 7.0, 7.25, 7.5, 7.75, 8.0, 8.25, 8.5, 8.75, 9.0, 9.25, 9.5, 9.75, 10.0, 10.25, 10.5, 10.75, 11.0, 11.25, 11.5, 11.75, 12.0, 12.25, 12.5, 12.75, 13.0, 13.25, 13.5, 13.75, 14.0, 14.25, 14.5, 14.75, 15.0, 15.25, 15.5, 15.75, 16.0, 16.25, 16.5, 16.75, 17.0, 17.25, 17.5, 17.75, 18.0, 18.25, 18.5, 18.75, 19.0, 19.25, 19.5, 19.75, 20.0]
train_loss=[1.6467143742628263, 0.5212575941000492, 0.3958837534783768, 0.3512085983816719, 0.33908180336135335, 0.30727907145947986, 0.28499212248147093, 0.28177716734526087, 0.26679046435528564, 0.2462658102529708, 0.24414442086902374, 0.239974367498934, 0.2221743948329925, 0.20671154680905843, 0.2075516541791004, 0.20706651637464737, 0.18674875458767046, 0.18564686416640366, 0.1850479562339628, 0.17677548462336878, 0.17197416233078391, 0.1597158001102826, 0.15825481661647117, 0.15949532839833386, 0.14528966082640316, 0.14699366738143999, 0.14831385411213507, 0.1380292459502887, 0.13892976213468458, 0.12691025855116023, 0.1294990126567056, 0.1275543374724414, 0.11793010074821841, 0.11694917024287241, 0.12270429553761014, 0.1230027914104015, 0.11036300669618432, 0.11495960988448628, 0.10837947125882394, 0.11017262238305695, 0.10295850330378024, 0.10336072184370043, 0.10262695847791167, 0.10564048253181908, 0.10256526154562344, 0.0934673360516459, 0.09885290976307361, 0.09298685533811442, 0.08645186593324941, 0.09293788123106937, 0.09491998346863244, 0.09161241095296212, 0.08427664277994672, 0.08850160076242077, 0.08463050059350015, 0.08924554821282558, 0.08174425551625002, 0.08694963851528233, 0.08251681815079015, 0.08007922952604014, 0.07652141129061982, 0.07861317550618274, 0.07597386137783856, 0.08522497202874241, 0.0784662197465251, 0.07984565398809179, 0.07549647094251137, 0.07324821622474997, 0.07312531964660039, 0.07285610514787659, 0.07056357685752404, 0.07717736803931245, 0.06919824529798009, 0.07007017908447831, 0.07205441450968249, 0.07171522125806248, 0.07161125466673351, 0.06657544888659539, 0.06642963170569778, 0.06955360148462553]
train_acc=[0.5306666666666666, 0.8494, 0.8862666666666666, 0.8987999999999999, 0.9010666666666668, 0.9116666666666666, 0.9179333333333333, 0.9164666666666669, 0.922, 0.9293999999999998, 0.9294000000000001, 0.9317333333333333, 0.9364, 0.9423999999999999, 0.9417999999999999, 0.9393333333333334, 0.9469333333333333, 0.9476666666666667, 0.9478666666666667, 0.9503333333333334, 0.9487333333333333, 0.9533333333333334, 0.9535999999999999, 0.9544, 0.9586000000000001, 0.9578666666666668, 0.9558666666666666, 0.9622, 0.9611999999999998, 0.9645333333333334, 0.9623333333333332, 0.9636000000000001, 0.9666666666666667, 0.9664666666666665, 0.9665333333333335, 0.9642, 0.9688, 0.9677999999999999, 0.9703333333333333, 0.9686000000000001, 0.9714666666666667, 0.9704666666666665, 0.9709333333333332, 0.9721999999999998, 0.9723333333333333, 0.9734666666666666, 0.9736000000000001, 0.9743333333333332, 0.9750666666666666, 0.973, 0.9736666666666666, 0.9758, 0.9767333333333332, 0.9767333333333332, 0.9769999999999999, 0.9762666666666666, 0.9779333333333333, 0.9755999999999998, 0.9779333333333333, 0.9774666666666665, 0.9804666666666666, 0.9775999999999999, 0.9787333333333333, 0.9766666666666667, 0.9776666666666667, 0.9777333333333335, 0.9798666666666666, 0.9806, 0.9806666666666665, 0.9814666666666668, 0.9803333333333334, 0.9792, 0.9818666666666667, 0.9818000000000001, 0.9818666666666667, 0.9808666666666667, 0.9815333333333335, 0.9824666666666667, 0.9819333333333333, 0.9802666666666664]
test_axis=[1, 6, 11, 16, 20]
test_loss=[0.32040133419179234, 0.1569423849449117, 0.11117932201493833, 0.09100250670969473, 0.08662357570869951]
test_acc=[0.9092, 0.9534000000000001, 0.9684999999999999, 0.9743, 0.9749]
Training time==[22.54114007949829,1.1270570039749146]

Relu+FocalLoss+1+0.1
train_loss=0.015257546506263164
train_acc=0.9178
test_loss=0.014995673046812909
test_acc=0.9163000000000001
train_axis=[0.25, 0.5, 0.75, 1.0, 1.25, 1.5, 1.75, 2.0, 2.25, 2.5, 2.75, 3.0, 3.25, 3.5, 3.75, 4.0, 4.25, 4.5, 4.75, 5.0, 5.25, 5.5, 5.75, 6.0, 6.25, 6.5, 6.75, 7.0, 7.25, 7.5, 7.75, 8.0, 8.25, 8.5, 8.75, 9.0, 9.25, 9.5, 9.75, 10.0, 10.25, 10.5, 10.75, 11.0, 11.25, 11.5, 11.75, 12.0, 12.25, 12.5, 12.75, 13.0, 13.25, 13.5, 13.75, 14.0, 14.25, 14.5, 14.75, 15.0, 15.25, 15.5, 15.75, 16.0, 16.25, 16.5, 16.75, 17.0, 17.25, 17.5, 17.75, 18.0, 18.25, 18.5, 18.75, 19.0, 19.25, 19.5, 19.75, 20.0]
train_loss=[0.18484195920497892, 0.17643448212823068, 0.15038743432549315, 0.10414879006958963, 0.06900418214529962, 0.05200856219805261, 0.04227421292995437, 0.036882452745928954, 0.03330243924016473, 0.030466416831615457, 0.02839446188579838, 0.0275340463779171, 0.026567760120357924, 0.02506465060341901, 0.02380594240363152, 0.02349648511469455, 0.022863417520219524, 0.022700122090165222, 0.02210142301314353, 0.02149112296942044, 0.02120841081805019, 0.02083494922044146, 0.02057847435455378, 0.020848721456377593, 0.020104344881231466, 0.01974586935087328, 0.02008046090087918, 0.01955449402540958, 0.01952122770498708, 0.01932494849678226, 0.019016056924903376, 0.018630869215272964, 0.01856226574817292, 0.019186520597616018, 0.018094541499586808, 0.01836645407724947, 0.018246855725885264, 0.018466921394488776, 0.017520905734037296, 0.01803511570313111, 0.01766377341634014, 0.017791858320009693, 0.017074061090729478, 0.018237793901597996, 0.0176315925538412, 0.017140042775192856, 0.01723218610221012, 0.017327403948905737, 0.01693977011483925, 0.017544104058005015, 0.016781833676925283, 0.016804225409935557, 0.017082644874249885, 0.016150907942603206, 0.016967489592199167, 0.016877674075897662, 0.016271772318753767, 0.016441091711798753, 0.016554976048455905, 0.016777043317329095, 0.016635738417678927, 0.01606919498583015, 0.01612630641402417, 0.01625011098137454, 0.01603669184493714, 0.01678066495647404, 0.014973443916731088, 0.016451695062546137, 0.01616648582059053, 0.015293457224082813, 0.01611916698698822, 0.015883179343246047, 0.015954377486172944, 0.014899578909488741, 0.01591039554017589, 0.015917999338507384, 0.015475932438741102, 0.015606848460781393, 0.015637728578521023, 0.015257546506263164]
train_acc=[0.1317333333333333, 0.24419999999999997, 0.4896666666666667, 0.657, 0.754, 0.7863333333333333, 0.8070666666666667, 0.8294, 0.8373333333333333, 0.8483333333333334, 0.8522666666666667, 0.859, 0.8625999999999999, 0.8675333333333333, 0.874, 0.8757333333333335, 0.8801333333333332, 0.8788000000000001, 0.8794000000000002, 0.8855999999999998, 0.8881333333333333, 0.8855333333333332, 0.8871333333333333, 0.8909999999999999, 0.8939333333333334, 0.8929999999999999, 0.8915333333333331, 0.8941333333333333, 0.8973333333333333, 0.8929999999999999, 0.8958, 0.8989333333333336, 0.9002000000000002, 0.8981333333333331, 0.9010666666666668, 0.8996, 0.9022666666666667, 0.9000666666666666, 0.9046, 0.9014666666666666, 0.905, 0.9022666666666666, 0.9063333333333334, 0.9013333333333332, 0.9040666666666668, 0.9086, 0.9064666666666666, 0.9056000000000001, 0.9083333333333333, 0.9046, 0.9085333333333335, 0.9092000000000001, 0.9066666666666666, 0.9115333333333334, 0.9074666666666666, 0.9080666666666667, 0.9084666666666668, 0.9081333333333331, 0.9111999999999999, 0.9104666666666666, 0.9101333333333332, 0.9112, 0.9112, 0.9112666666666667, 0.9110666666666667, 0.9108666666666666, 0.9157333333333334, 0.9126000000000003, 0.9122000000000002, 0.9168000000000001, 0.9098666666666668, 0.9154666666666667, 0.9151333333333332, 0.9197333333333336, 0.9117333333333333, 0.9116666666666666, 0.9155333333333332, 0.9140000000000001, 0.9148666666666666, 0.9178]
test_axis=[1, 6, 11, 16, 20]
test_loss=[0.0816017975146878, 0.01942420504654748, 0.01685174459638953, 0.015707398715591764, 0.014995673046812909]
test_acc=[0.7283, 0.8935, 0.9067999999999999, 0.9146000000000001, 0.9163000000000001]
Training time==[23.595922470092773,1.1797961235046386]

Relu+FocalLoss+1+0.25
train_loss=0.02463016426083896
train_acc=0.9432666666666666
test_loss=0.02407513062947015
test_acc=0.9437000000000001
train_axis=[0.25, 0.5, 0.75, 1.0, 1.25, 1.5, 1.75, 2.0, 2.25, 2.5, 2.75, 3.0, 3.25, 3.5, 3.75, 4.0, 4.25, 4.5, 4.75, 5.0, 5.25, 5.5, 5.75, 6.0, 6.25, 6.5, 6.75, 7.0, 7.25, 7.5, 7.75, 8.0, 8.25, 8.5, 8.75, 9.0, 9.25, 9.5, 9.75, 10.0, 10.25, 10.5, 10.75, 11.0, 11.25, 11.5, 11.75, 12.0, 12.25, 12.5, 12.75, 13.0, 13.25, 13.5, 13.75, 14.0, 14.25, 14.5, 14.75, 15.0, 15.25, 15.5, 15.75, 16.0, 16.25, 16.5, 16.75, 17.0, 17.25, 17.5, 17.75, 18.0, 18.25, 18.5, 18.75, 19.0, 19.25, 19.5, 19.75, 20.0]
train_loss=[0.4468429657253705, 0.26572023000929734, 0.11808452368918211, 0.08157240487080034, 0.07001174751489968, 0.06159931665480852, 0.05799132211402293, 0.05328602381017338, 0.04971729419031529, 0.05181734068085714, 0.04990221839125962, 0.04703866751833421, 0.04702174211383397, 0.046271066091211864, 0.044849549270124134, 0.04159816240078405, 0.043760699807341916, 0.04152407015894438, 0.040699935817786796, 0.041975106681943375, 0.04095952656727616, 0.040006299644634945, 0.03906163962414239, 0.039220195886722674, 0.03948921651650732, 0.036204029208366316, 0.03789329783876696, 0.03827818925265286, 0.03749266667821191, 0.03625586018390855, 0.0358046920723867, 0.03541298373607673, 0.03647188363709719, 0.03385668534628353, 0.03466488752380353, 0.03394503822455013, 0.03305091745778581, 0.03402881015342894, 0.03327052712040395, 0.032709171075907956, 0.03221883738594623, 0.033611239610835834, 0.030169609389733284, 0.032193210897852126, 0.031542725654980154, 0.029761436841199404, 0.0315551076805212, 0.030220167338910163, 0.030177570332919672, 0.03041661769218066, 0.02998747038975883, 0.028301540546331775, 0.029928886487476335, 0.029361074299090434, 0.02813401190334258, 0.027360133977055938, 0.027389410782224767, 0.027618528818116085, 0.028423754698000844, 0.027532802363869045, 0.028334904394754792, 0.026111424360331432, 0.026620408645391457, 0.0265534164333189, 0.026738865937121402, 0.025180466168518042, 0.026778799840251846, 0.02575553216449027, 0.025519740990583968, 0.026124977574685754, 0.02496819615567545, 0.0247501031882109, 0.024298261074568152, 0.025518855066984803, 0.02498580038891666, 0.023988039980221306, 0.02463764774360513, 0.023183703923294104, 0.02391707408787102, 0.02463016426083896]
train_acc=[0.3166, 0.6386666666666667, 0.7980666666666667, 0.8354, 0.8497333333333333, 0.8666, 0.8724666666666667, 0.8858666666666667, 0.8882000000000001, 0.8867333333333333, 0.8886666666666667, 0.8950000000000002, 0.8956666666666668, 0.8982000000000001, 0.8981333333333333, 0.9063333333333334, 0.9019999999999999, 0.9088666666666669, 0.9071333333333332, 0.9073333333333334, 0.9095333333333334, 0.9106000000000002, 0.9112666666666667, 0.9142666666666668, 0.9108, 0.9158666666666666, 0.9140666666666668, 0.9176000000000001, 0.9181333333333335, 0.9158666666666666, 0.9185333333333333, 0.9223333333333333, 0.9182000000000001, 0.9227333333333331, 0.9237333333333333, 0.9216000000000001, 0.9215333333333334, 0.9232000000000001, 0.9251333333333333, 0.9263333333333332, 0.9260666666666668, 0.9276666666666668, 0.9299333333333334, 0.9260666666666666, 0.9279333333333333, 0.9321333333333335, 0.9256, 0.9328000000000001, 0.9321333333333333, 0.9303333333333335, 0.9337333333333333, 0.9328000000000001, 0.9325333333333333, 0.9336666666666668, 0.9364, 0.9366000000000001, 0.9372666666666667, 0.9366000000000001, 0.9366666666666666, 0.9346, 0.9371999999999999, 0.9399333333333332, 0.9387333333333332, 0.9396666666666665, 0.9381333333333332, 0.9440666666666667, 0.9403333333333334, 0.9424666666666667, 0.941133333333333, 0.9409333333333333, 0.9435333333333336, 0.9438666666666665, 0.9427333333333335, 0.9420666666666667, 0.9434666666666668, 0.9469999999999998, 0.9451999999999998, 0.9480666666666667, 0.9445333333333332, 0.9432666666666666]
test_axis=[1, 6, 11, 16, 20]
test_loss=[0.07088058960328034, 0.037417348759234054, 0.0303795567949042, 0.026155362598598252, 0.02407513062947015]
test_acc=[0.8484999999999999, 0.9147000000000002, 0.9305000000000001, 0.9407000000000002, 0.9437000000000001]
Training time==[23.435778379440308,1.1717889189720154]

Relu+FocalLoss+1+0.5
train_loss=0.029865182470554814
train_acc=0.9639333333333335
test_loss=0.031038692794967647
test_acc=0.9611000000000002
train_axis=[0.25, 0.5, 0.75, 1.0, 1.25, 1.5, 1.75, 2.0, 2.25, 2.5, 2.75, 3.0, 3.25, 3.5, 3.75, 4.0, 4.25, 4.5, 4.75, 5.0, 5.25, 5.5, 5.75, 6.0, 6.25, 6.5, 6.75, 7.0, 7.25, 7.5, 7.75, 8.0, 8.25, 8.5, 8.75, 9.0, 9.25, 9.5, 9.75, 10.0, 10.25, 10.5, 10.75, 11.0, 11.25, 11.5, 11.75, 12.0, 12.25, 12.5, 12.75, 13.0, 13.25, 13.5, 13.75, 14.0, 14.25, 14.5, 14.75, 15.0, 15.25, 15.5, 15.75, 16.0, 16.25, 16.5, 16.75, 17.0, 17.25, 17.5, 17.75, 18.0, 18.25, 18.5, 18.75, 19.0, 19.25, 19.5, 19.75, 20.0]
train_loss=[0.7530938950867043, 0.21232603215220475, 0.13291401988927737, 0.11022881958376862, 0.10161626858783397, 0.10064182493033624, 0.09233137459380067, 0.0855238555699886, 0.08736983682194491, 0.08157924361920041, 0.08043878932539104, 0.07977000301883089, 0.07493580829768878, 0.07522800019139239, 0.0735061212179554, 0.07205790645408346, 0.06958365198998621, 0.0675832081021119, 0.06728629500417964, 0.06558233471771148, 0.06383168475579602, 0.06185752588258468, 0.059747996788004264, 0.06202794232375065, 0.05880962605433893, 0.05477135366686227, 0.05694479486199211, 0.05712040690252011, 0.05240414633323752, 0.0524404551826836, 0.0528631449798304, 0.05208172680290229, 0.048768733326237455, 0.04899836339535617, 0.048285238361235064, 0.049080437509875355, 0.0436462951716975, 0.04673523599883134, 0.046208727230118214, 0.04708457231308545, 0.041162485292352016, 0.044839100893803344, 0.042173445669640985, 0.0443361141427595, 0.04051589188356922, 0.0389810595167699, 0.04206475827482634, 0.04162717885827013, 0.0378059100287995, 0.0416442907877213, 0.03849957429062808, 0.03703573005833235, 0.035548797761291585, 0.036656291159718454, 0.03818324650340648, 0.03659915643264996, 0.03652542916252226, 0.03611166671184012, 0.03566693744424281, 0.03336904071673568, 0.03391104144032494, 0.03437866261265394, 0.033400534326117816, 0.03432582018963431, 0.033998173722930375, 0.0337582447648987, 0.031856674111981086, 0.031052295113503017, 0.0302426731262595, 0.031317395072501586, 0.030198720001615473, 0.03384001987656269, 0.029069344641125674, 0.02982656736330965, 0.03228116994258635, 0.030292554985467058, 0.030569072435567057, 0.027905126582630294, 0.029794958097856133, 0.029865182470554814]
train_acc=[0.37126666666666663, 0.8006666666666666, 0.8575999999999999, 0.8756, 0.8862000000000001, 0.8869333333333332, 0.8946, 0.9056666666666668, 0.899666666666667, 0.9091333333333331, 0.9047999999999998, 0.9115333333333334, 0.9121333333333332, 0.9154666666666667, 0.9148, 0.9174666666666667, 0.9191333333333334, 0.9210000000000003, 0.9201333333333334, 0.927, 0.9230666666666665, 0.9290666666666667, 0.9309333333333334, 0.9290000000000002, 0.9336000000000001, 0.9357333333333332, 0.9343333333333331, 0.9332666666666667, 0.9404, 0.9388, 0.9347333333333334, 0.9394, 0.9438666666666665, 0.9423999999999999, 0.9436666666666668, 0.9421999999999999, 0.9490666666666666, 0.9443333333333331, 0.945, 0.9456, 0.9516000000000001, 0.9471333333333333, 0.9502666666666668, 0.9475333333333333, 0.9501999999999998, 0.9539333333333335, 0.9510000000000001, 0.9516666666666667, 0.9555333333333332, 0.9517333333333331, 0.9561333333333331, 0.9574666666666665, 0.9578666666666665, 0.9554666666666666, 0.9549333333333332, 0.9559333333333332, 0.9572666666666665, 0.9562666666666666, 0.9575333333333333, 0.9602666666666668, 0.9580666666666667, 0.9574000000000001, 0.9600666666666666, 0.9588666666666665, 0.9594000000000001, 0.9609999999999999, 0.9609999999999999, 0.9610666666666666, 0.9638000000000001, 0.9633999999999999, 0.9624000000000001, 0.9610666666666664, 0.9643333333333332, 0.9645333333333334, 0.9611333333333334, 0.9640000000000002, 0.9642, 0.9657333333333334, 0.9643333333333332, 0.9639333333333335]
test_axis=[1, 6, 11, 16, 20]
test_loss=[0.10154207906770095, 0.05852513431772058, 0.04304760138717529, 0.03416941801645957, 0.031038692794967647]
test_acc=[0.8884000000000001, 0.9317000000000002, 0.9485000000000002, 0.9578000000000003, 0.9611000000000002]
Training time==[23.8596408367157,1.1929820418357848]

Relu+FocalLoss+1+0.75
train_loss=0.03004466070867146
train_acc=0.9740666666666665
test_loss=0.03638869463487943
test_acc=0.9697000000000001
train_axis=[0.25, 0.5, 0.75, 1.0, 1.25, 1.5, 1.75, 2.0, 2.25, 2.5, 2.75, 3.0, 3.25, 3.5, 3.75, 4.0, 4.25, 4.5, 4.75, 5.0, 5.25, 5.5, 5.75, 6.0, 6.25, 6.5, 6.75, 7.0, 7.25, 7.5, 7.75, 8.0, 8.25, 8.5, 8.75, 9.0, 9.25, 9.5, 9.75, 10.0, 10.25, 10.5, 10.75, 11.0, 11.25, 11.5, 11.75, 12.0, 12.25, 12.5, 12.75, 13.0, 13.25, 13.5, 13.75, 14.0, 14.25, 14.5, 14.75, 15.0, 15.25, 15.5, 15.75, 16.0, 16.25, 16.5, 16.75, 17.0, 17.25, 17.5, 17.75, 18.0, 18.25, 18.5, 18.75, 19.0, 19.25, 19.5, 19.75, 20.0]
train_loss=[0.92425453046432, 0.21873975558485673, 0.16305926396125134, 0.143950786778605, 0.13310066380043462, 0.13160872319353828, 0.12000436377480397, 0.11653125984866364, 0.10490950359517541, 0.11189862320913728, 0.10656858728355405, 0.10106791567407815, 0.09437793323520012, 0.09463195989551984, 0.0906601445506548, 0.08827195529475686, 0.0865900884239183, 0.07895256740514098, 0.08019836774143206, 0.0780132448703646, 0.07440195659731086, 0.07398898504645499, 0.06687955859255579, 0.0745263233238285, 0.06692563404677315, 0.06266985399859774, 0.06378454892092232, 0.06715614650808023, 0.06107772022685277, 0.061786210687972055, 0.055182598860349485, 0.059104344144836625, 0.05442662820847272, 0.057561701201128405, 0.05161349800620132, 0.055798411439992986, 0.04937954215058433, 0.050412367692720346, 0.052314543143031286, 0.05094427450170216, 0.047569880244977936, 0.045437848757797356, 0.048773658369013324, 0.04796066577238452, 0.04379972483123318, 0.04268810057100508, 0.04648706317969446, 0.045872972755984724, 0.042645620357844284, 0.03903414220809211, 0.04237084318022544, 0.04324529811090553, 0.04012519581834022, 0.039179125842864884, 0.03862789700762256, 0.04262114606085352, 0.03748998579026844, 0.04029858130452333, 0.03699524278358012, 0.037650564966396446, 0.03606958168878363, 0.03582367281899574, 0.0378800030102893, 0.03654134225824574, 0.033045483844339585, 0.03552608887236071, 0.036436291372980156, 0.03546890897419265, 0.033950457009438606, 0.03397844766914943, 0.03337676551134389, 0.033007601938952164, 0.03382904277635507, 0.03361807003452854, 0.03126045704886665, 0.03152725122132871, 0.03344427923033297, 0.03279717570781344, 0.029938399971644453, 0.03004466070867146]
train_acc=[0.47373333333333323, 0.8454, 0.8775333333333333, 0.8910666666666667, 0.9009333333333333, 0.9002666666666667, 0.9094666666666668, 0.9085333333333335, 0.9171333333333332, 0.9139333333333334, 0.9194666666666668, 0.9218666666666665, 0.9278000000000001, 0.9255333333333332, 0.9306666666666669, 0.9311333333333335, 0.9336666666666668, 0.9394, 0.9359333333333333, 0.9404666666666667, 0.9400666666666666, 0.9423333333333335, 0.9458666666666666, 0.9416666666666667, 0.9458000000000001, 0.9509999999999998, 0.9470000000000001, 0.9481333333333333, 0.9510000000000001, 0.9525999999999999, 0.9564666666666665, 0.9517333333333333, 0.9562, 0.9558666666666666, 0.9573333333333331, 0.9546, 0.9607333333333334, 0.9566666666666667, 0.9579333333333333, 0.9592666666666666, 0.9631333333333332, 0.9625333333333331, 0.9590666666666664, 0.9594, 0.9640666666666665, 0.9640666666666665, 0.9621999999999999, 0.9615999999999999, 0.9646, 0.9675999999999997, 0.9657333333333334, 0.9638, 0.9675333333333334, 0.9688, 0.9663333333333335, 0.9655999999999998, 0.9695333333333331, 0.9667333333333332, 0.9688666666666668, 0.9696666666666666, 0.9705999999999998, 0.9707333333333334, 0.9682666666666665, 0.9683999999999999, 0.9723333333333332, 0.9702000000000001, 0.9710666666666666, 0.9710666666666669, 0.9719999999999999, 0.9701999999999998, 0.9718666666666669, 0.9732000000000002, 0.9711333333333333, 0.9733333333333332, 0.9729333333333333, 0.9720666666666666, 0.9712000000000001, 0.9717333333333332, 0.9748, 0.9740666666666665]
test_axis=[1, 6, 11, 16, 20]
test_loss=[0.1358812292560278, 0.07209272005525894, 0.04980697776696416, 0.04121286744127629, 0.03638869463487943]
test_acc=[0.8961999999999998, 0.9447, 0.9603, 0.9651000000000001, 0.9697000000000001]
Training time==[24.09779405593872,1.204889702796936]

Relu+FocalLoss+1+0.9
train_loss=0.032871744374151246
train_acc=0.9771999999999998
test_loss=0.0419134081014481
test_acc=0.9705999999999999
train_axis=[0.25, 0.5, 0.75, 1.0, 1.25, 1.5, 1.75, 2.0, 2.25, 2.5, 2.75, 3.0, 3.25, 3.5, 3.75, 4.0, 4.25, 4.5, 4.75, 5.0, 5.25, 5.5, 5.75, 6.0, 6.25, 6.5, 6.75, 7.0, 7.25, 7.5, 7.75, 8.0, 8.25, 8.5, 8.75, 9.0, 9.25, 9.5, 9.75, 10.0, 10.25, 10.5, 10.75, 11.0, 11.25, 11.5, 11.75, 12.0, 12.25, 12.5, 12.75, 13.0, 13.25, 13.5, 13.75, 14.0, 14.25, 14.5, 14.75, 15.0, 15.25, 15.5, 15.75, 16.0, 16.25, 16.5, 16.75, 17.0, 17.25, 17.5, 17.75, 18.0, 18.25, 18.5, 18.75, 19.0, 19.25, 19.5, 19.75, 20.0]
train_loss=[0.9950684905604351, 0.23973087790962605, 0.1897548759452923, 0.17000545219745697, 0.15367128877652153, 0.15038327053796843, 0.14589491169951443, 0.1371706852554149, 0.12674614939179032, 0.1209493835889828, 0.12152381542416862, 0.11650946391518277, 0.10374876952903979, 0.107290271307449, 0.09779312784219511, 0.09904411457644102, 0.09302758460670868, 0.0906012000175947, 0.08485541528826383, 0.08241044793550811, 0.07304611954534689, 0.08509492979490038, 0.0750596462041321, 0.075637287639619, 0.06914280779428719, 0.06827590075295262, 0.07287847581504069, 0.06524466381836708, 0.06690074625780484, 0.06202205689462736, 0.0625070796661132, 0.060796809682195224, 0.059890513800391315, 0.060949341419928756, 0.05599131638738465, 0.05537675859461192, 0.05539954560849265, 0.053226817056246836, 0.05093788840548561, 0.053324940815328375, 0.04910548839505613, 0.052302249464896935, 0.04886257456971203, 0.049252132811048906, 0.04794058816249516, 0.04676972209786249, 0.04726788273492341, 0.044602127159645226, 0.0451111429037744, 0.046153764158597926, 0.044192309058065496, 0.04244018177906193, 0.04067570606097185, 0.04139728829841569, 0.042599057093812884, 0.04369557716215732, 0.040748794285581875, 0.04060648698233834, 0.03838170880469998, 0.040480091873951025, 0.037885951822203605, 0.03863061025880845, 0.03909746129891771, 0.03745135355860224, 0.03636054850603379, 0.03498787167863384, 0.038138591255815216, 0.03692369464212239, 0.03179365043165273, 0.03488182966776925, 0.03633481705445791, 0.03666229875377449, 0.031961153368654606, 0.033655090838803484, 0.03360904478418494, 0.03568368223613208, 0.034464088801721325, 0.030717359474042805, 0.03345146979844721, 0.032871744374151246]
train_acc=[0.5462, 0.8563999999999998, 0.8795333333333334, 0.8932000000000001, 0.9000666666666668, 0.9083333333333333, 0.9088666666666667, 0.9102666666666667, 0.9160666666666668, 0.9195333333333334, 0.9228000000000001, 0.9261333333333335, 0.9329333333333333, 0.9306666666666669, 0.9375999999999998, 0.9371333333333333, 0.9383333333333336, 0.9424000000000001, 0.9441333333333334, 0.9453333333333334, 0.95, 0.9432000000000001, 0.9501333333333332, 0.9501333333333332, 0.9544000000000001, 0.9561333333333334, 0.9498, 0.9573999999999999, 0.9538666666666665, 0.9571999999999999, 0.9607333333333332, 0.9598, 0.9606666666666664, 0.9599333333333332, 0.9624666666666667, 0.9600666666666666, 0.9636666666666666, 0.9633999999999999, 0.9650666666666666, 0.9631333333333332, 0.9674666666666667, 0.9643999999999998, 0.9654, 0.9662000000000001, 0.9668666666666667, 0.9675999999999999, 0.9677333333333333, 0.9674666666666667, 0.9686666666666668, 0.9679333333333333, 0.9698666666666668, 0.9718666666666667, 0.9705999999999998, 0.9723333333333335, 0.9712000000000001, 0.9692, 0.9712000000000001, 0.9705999999999998, 0.9721333333333333, 0.9741333333333334, 0.9721333333333333, 0.9719333333333331, 0.9741333333333334, 0.9732, 0.9733333333333334, 0.9762666666666666, 0.9727999999999999, 0.975, 0.9770000000000001, 0.9754, 0.9750666666666666, 0.9742666666666666, 0.9772666666666665, 0.9751333333333332, 0.9754, 0.9755333333333333, 0.9777333333333331, 0.9766, 0.9770666666666666, 0.9771999999999998]
test_axis=[1, 6, 11, 16, 20]
test_loss=[0.15376426578987923, 0.07247683940798919, 0.05259221804652886, 0.04403305772751523, 0.0419134081014481]
test_acc=[0.9042999999999999, 0.9503000000000001, 0.9638, 0.9694999999999999, 0.9705999999999999]
Training time==[23.805962800979614,1.1902981400489807]

Relu+SofmaxCrossEntropyLoss+1
train_loss=0.06735658272801094
train_acc=0.9830666666666665
test_loss=0.0888442453550287
test_acc=0.9736
train_axis=[0.25, 0.5, 0.75, 1.0, 1.25, 1.5, 1.75, 2.0, 2.25, 2.5, 2.75, 3.0, 3.25, 3.5, 3.75, 4.0, 4.25, 4.5, 4.75, 5.0, 5.25, 5.5, 5.75, 6.0, 6.25, 6.5, 6.75, 7.0, 7.25, 7.5, 7.75, 8.0, 8.25, 8.5, 8.75, 9.0, 9.25, 9.5, 9.75, 10.0, 10.25, 10.5, 10.75, 11.0, 11.25, 11.5, 11.75, 12.0, 12.25, 12.5, 12.75, 13.0, 13.25, 13.5, 13.75, 14.0, 14.25, 14.5, 14.75, 15.0, 15.25, 15.5, 15.75, 16.0, 16.25, 16.5, 16.75, 17.0, 17.25, 17.5, 17.75, 18.0, 18.25, 18.5, 18.75, 19.0, 19.25, 19.5, 19.75, 20.0]
train_loss=[1.6153474241171253, 0.518625324855989, 0.38883839030379563, 0.34577105344178205, 0.3234970580897375, 0.3116491265021895, 0.29243255751149194, 0.27524908580955926, 0.26923531490454056, 0.24369758532299657, 0.24369977041849267, 0.22641921425997438, 0.22074096968953433, 0.20137657340046056, 0.20979032207838308, 0.19768807341051717, 0.18837789525284843, 0.17864277749137158, 0.18207501017934327, 0.16918078538895187, 0.16071070951379768, 0.160553201004234, 0.1574294978292323, 0.16087600718538766, 0.14610763699903612, 0.15375787801201957, 0.13782799202919147, 0.14255337832292875, 0.1360509683021294, 0.12972764804735765, 0.1277970399323527, 0.13551834682413505, 0.12490263153489556, 0.11744804601780383, 0.12031402890430604, 0.12097772922930308, 0.11427450969520705, 0.11008022338183626, 0.11369157597830544, 0.11335229637598672, 0.11389265188614241, 0.10835170088101265, 0.10277235441594618, 0.09658358348736644, 0.09464496569129369, 0.0989879154620783, 0.10124593960513267, 0.10232082372206606, 0.09382885759042883, 0.0910581828695557, 0.09671872868117651, 0.09435533883058111, 0.08973328549696404, 0.08951461107293571, 0.08761666303568104, 0.09258951850154036, 0.08726261872277633, 0.08484625379307784, 0.08263391489659762, 0.08473758719013558, 0.0772268588952068, 0.08345495382518449, 0.08219528054923422, 0.08176379446407576, 0.07944658573266006, 0.07759901889557834, 0.07484088090611242, 0.08285009736555665, 0.07585555944445689, 0.07474115234307012, 0.07906844190200184, 0.07554436217158944, 0.07072234952413407, 0.0729457903586247, 0.07860398190514589, 0.07049598393306267, 0.07059403369523848, 0.07078755172771357, 0.07490753243768956, 0.06735658272801094]
train_acc=[0.49339999999999995, 0.8533333333333334, 0.8871999999999999, 0.9001333333333332, 0.9066666666666666, 0.9102000000000002, 0.9128, 0.9203333333333334, 0.9212, 0.9291333333333334, 0.9315333333333334, 0.9351333333333333, 0.9372666666666667, 0.9408666666666666, 0.9406000000000002, 0.9438, 0.9440666666666667, 0.9483333333333334, 0.9493999999999998, 0.9519333333333335, 0.9540666666666666, 0.9538666666666665, 0.9554666666666666, 0.9527999999999998, 0.9573333333333333, 0.955733333333333, 0.9610666666666664, 0.9588666666666665, 0.9607333333333334, 0.9635999999999998, 0.9639999999999997, 0.9609999999999999, 0.9644666666666666, 0.9667333333333332, 0.9677333333333331, 0.9651333333333336, 0.9677333333333333, 0.9698666666666668, 0.9687333333333333, 0.9686666666666668, 0.9675999999999999, 0.9712000000000001, 0.9719333333333333, 0.9722666666666665, 0.9739333333333332, 0.9713333333333333, 0.9721333333333335, 0.971533333333333, 0.9733999999999999, 0.9743999999999999, 0.974, 0.9738666666666665, 0.9753333333333333, 0.9759999999999999, 0.9756666666666667, 0.9745333333333334, 0.9763333333333333, 0.9775999999999999, 0.9771999999999998, 0.9765333333333335, 0.9787333333333333, 0.9767999999999999, 0.9771999999999998, 0.9783333333333334, 0.9790000000000002, 0.9801999999999998, 0.9797333333333333, 0.9766, 0.9793333333333336, 0.9781333333333332, 0.9786666666666666, 0.9803333333333334, 0.9817999999999999, 0.9800666666666668, 0.9778666666666667, 0.9806666666666668, 0.9819333333333334, 0.9807333333333335, 0.9796, 0.9830666666666665]
test_axis=[1, 6, 11, 16, 20]
test_loss=[0.3221888633100148, 0.15689223508368313, 0.11020653975633783, 0.09318655070083466, 0.0888442453550287]
test_acc=[0.9117000000000002, 0.9544000000000001, 0.9675999999999999, 0.9725000000000001, 0.9736]
Training time==[22.321036338806152,1.1160518169403075]

